,mass A,,
t,x,y,
0.000,-7.519E-5,3.387E-4
0.017,-7.519E-5,3.387E-4
0.034,-7.519E-5,3.387E-4
0.050,-7.519E-5,3.387E-4
0.067,-7.519E-5,3.387E-4
0.084,-7.519E-5,3.387E-4
0.101,-7.519E-5,3.387E-4
0.118,-7.519E-5,3.387E-4
0.135,-7.519E-5,3.387E-4
0.151,-7.519E-5,3.387E-4
0.168,-7.519E-5,3.387E-4
0.185,-1.522E-5,2.587E-4
0.202,6.475E-5,2.587E-4
0.219,1.047E-4,2.187E-4
0.236,1.047E-4,2.187E-4
0.252,1.047E-4,2.187E-4
0.269,1.047E-4,2.187E-4
0.286,1.047E-4,2.187E-4
0.303,1.047E-4,2.187E-4
0.320,1.047E-4,2.187E-4
0.337,1.047E-4,2.187E-4
0.353,1.047E-4,2.187E-4
0.370,1.047E-4,2.187E-4
0.387,1.047E-4,2.187E-4
0.404,1.047E-4,2.187E-4
0.421,1.047E-4,2.187E-4
0.438,1.047E-4,2.187E-4
0.454,1.047E-4,2.187E-4
0.471,1.047E-4,2.187E-4
0.488,1.047E-4,2.187E-4
0.505,1.047E-4,2.187E-4
0.522,1.047E-4,2.187E-4
0.539,1.047E-4,2.187E-4
0.555,1.047E-4,2.187E-4
0.572,1.047E-4,2.187E-4
0.589,1.047E-4,2.187E-4
0.606,1.047E-4,2.187E-4
0.623,1.047E-4,2.187E-4
0.640,1.047E-4,2.187E-4
0.656,1.047E-4,2.187E-4
0.673,1.047E-4,2.187E-4
0.690,1.047E-4,2.187E-4
0.707,1.047E-4,2.187E-4
0.724,1.247E-4,2.187E-4
0.741,1.247E-4,2.187E-4
0.757,1.247E-4,2.187E-4
0.774,1.247E-4,2.187E-4
0.791,1.247E-4,2.187E-4
0.808,1.247E-4,2.187E-4
0.825,1.247E-4,2.187E-4
0.842,1.247E-4,2.187E-4
0.858,1.247E-4,2.187E-4
0.875,1.247E-4,2.187E-4
0.892,1.647E-4,2.587E-4
0.909,1.847E-4,2.587E-4
0.926,2.247E-4,2.587E-4
0.943,2.247E-4,2.587E-4
0.959,2.247E-4,2.587E-4
0.976,2.247E-4,2.587E-4
0.993,2.247E-4,2.587E-4
1.010,2.247E-4,2.587E-4
1.027,2.247E-4,2.587E-4
1.044,2.447E-4,2.987E-4
1.060,2.447E-4,3.187E-4
1.077,2.447E-4,3.387E-4
1.094,2.447E-4,3.387E-4
1.111,2.447E-4,3.387E-4
1.128,2.247E-4,3.387E-4
1.145,1.647E-4,2.987E-4
1.161,1.647E-4,2.987E-4
1.178,1.247E-4,2.787E-4
1.195,1.247E-4,2.787E-4
1.212,1.247E-4,2.787E-4
1.229,1.247E-4,2.787E-4
1.246,1.247E-4,2.787E-4
1.262,1.247E-4,2.787E-4
1.279,1.047E-4,2.787E-4
1.296,8.474E-5,2.787E-4
1.313,8.474E-5,2.787E-4
1.330,8.474E-5,2.787E-4
1.347,8.474E-5,2.787E-4
1.363,8.474E-5,2.787E-4
1.380,8.474E-5,2.787E-4
1.397,8.474E-5,2.787E-4
1.414,8.474E-5,2.787E-4
1.431,8.474E-5,2.787E-4
1.448,8.474E-5,2.787E-4
1.464,8.474E-5,2.787E-4
1.481,8.474E-5,2.787E-4
1.498,8.474E-5,2.787E-4
1.515,8.474E-5,2.787E-4
1.532,8.474E-5,2.787E-4
1.549,8.474E-5,2.787E-4
1.565,8.474E-5,2.787E-4
1.582,8.474E-5,2.787E-4
1.599,8.474E-5,2.787E-4
1.616,8.474E-5,2.787E-4
1.633,8.474E-5,2.787E-4
1.650,8.474E-5,2.787E-4
1.666,8.474E-5,2.787E-4
1.683,8.474E-5,2.787E-4
1.700,8.474E-5,2.787E-4
1.717,8.474E-5,2.787E-4
1.734,8.474E-5,2.787E-4
1.751,1.447E-4,2.787E-4
1.767,1.447E-4,2.787E-4
1.784,1.447E-4,2.787E-4
1.801,1.447E-4,2.787E-4
1.818,1.447E-4,2.787E-4
1.835,1.447E-4,2.787E-4
1.852,1.647E-4,2.787E-4
1.868,1.647E-4,2.787E-4
1.885,1.647E-4,2.787E-4
1.902,1.647E-4,2.787E-4
1.919,1.647E-4,2.787E-4
1.936,1.647E-4,2.787E-4
1.953,1.647E-4,2.787E-4
1.969,1.647E-4,2.587E-4
1.986,1.647E-4,2.587E-4
2.003,2.047E-4,2.587E-4
2.020,2.247E-4,2.587E-4
2.037,2.247E-4,2.587E-4
2.054,2.447E-4,2.587E-4
2.070,2.447E-4,2.587E-4
2.087,2.847E-4,2.587E-4
2.104,2.847E-4,2.587E-4
2.121,2.847E-4,2.587E-4
2.138,2.847E-4,2.587E-4
2.155,2.847E-4,2.587E-4
2.171,2.847E-4,2.587E-4
2.188,2.847E-4,2.587E-4
2.205,2.847E-4,2.587E-4
2.222,2.847E-4,2.587E-4
2.239,2.847E-4,2.587E-4
2.256,2.847E-4,2.587E-4
2.272,2.847E-4,2.587E-4
2.289,2.847E-4,2.587E-4
2.306,2.847E-4,2.587E-4
2.323,2.847E-4,2.587E-4
2.340,2.847E-4,2.587E-4
2.357,2.847E-4,2.587E-4
2.373,2.847E-4,2.587E-4
2.390,2.847E-4,2.587E-4
2.407,2.847E-4,2.587E-4
2.424,2.847E-4,2.587E-4
2.441,2.847E-4,2.587E-4
2.458,2.847E-4,2.587E-4
2.474,2.847E-4,2.587E-4
2.491,2.847E-4,2.587E-4
2.508,2.847E-4,2.587E-4
2.525,2.847E-4,2.587E-4
2.542,2.847E-4,2.587E-4
2.558,2.847E-4,2.587E-4
2.575,2.847E-4,2.587E-4
2.592,2.847E-4,2.587E-4
2.609,2.847E-4,2.587E-4
2.626,2.847E-4,2.587E-4
2.643,2.847E-4,2.587E-4
2.659,2.847E-4,2.587E-4
2.676,2.847E-4,2.587E-4
2.693,2.847E-4,2.587E-4
2.710,2.847E-4,2.587E-4
2.727,2.847E-4,2.587E-4
2.744,2.847E-4,2.587E-4
2.760,2.847E-4,2.587E-4
2.777,2.847E-4,2.587E-4
2.794,2.847E-4,2.587E-4
2.811,2.847E-4,2.587E-4
2.828,2.847E-4,2.587E-4
2.845,2.847E-4,2.587E-4
2.861,2.647E-4,2.587E-4
2.878,2.647E-4,2.587E-4
2.895,2.647E-4,2.587E-4
2.912,2.047E-4,2.587E-4
2.929,2.047E-4,2.587E-4
2.946,2.047E-4,2.587E-4
2.962,2.047E-4,2.587E-4
2.979,2.047E-4,2.587E-4
2.996,2.047E-4,2.587E-4
3.013,2.047E-4,2.587E-4
3.030,2.047E-4,2.587E-4
3.047,2.047E-4,2.587E-4
3.063,2.047E-4,2.587E-4
3.080,2.047E-4,2.587E-4
3.097,2.047E-4,2.587E-4
3.114,2.047E-4,2.587E-4
3.131,2.047E-4,2.587E-4
3.148,2.047E-4,2.587E-4
3.164,2.047E-4,2.587E-4
3.181,2.047E-4,2.587E-4
3.198,1.847E-4,2.587E-4
3.215,1.847E-4,2.587E-4
3.232,1.847E-4,2.587E-4
3.249,1.847E-4,2.587E-4
3.265,1.847E-4,2.587E-4
3.282,1.847E-4,2.587E-4
3.299,1.847E-4,2.587E-4
3.316,1.847E-4,2.587E-4
3.333,1.847E-4,2.587E-4
3.350,1.847E-4,2.587E-4
3.366,1.847E-4,2.587E-4
3.383,1.847E-4,2.587E-4
3.400,1.847E-4,2.587E-4
3.417,1.847E-4,2.587E-4
3.434,1.847E-4,2.587E-4
3.451,1.847E-4,2.587E-4
3.467,1.847E-4,2.587E-4
3.484,1.847E-4,2.587E-4
3.501,1.847E-4,2.587E-4
3.518,1.847E-4,2.587E-4
3.535,1.847E-4,2.587E-4
3.552,1.847E-4,2.587E-4
3.568,1.847E-4,2.587E-4
3.585,1.847E-4,2.587E-4
3.602,1.847E-4,2.587E-4
3.619,1.847E-4,2.587E-4
3.636,1.647E-4,2.587E-4
3.653,1.447E-4,2.587E-4
3.669,1.447E-4,2.587E-4
3.686,1.447E-4,2.587E-4
3.703,1.447E-4,2.587E-4
3.720,1.447E-4,2.587E-4
3.737,1.447E-4,2.587E-4
3.754,1.447E-4,2.587E-4
3.770,1.247E-4,2.587E-4
3.787,1.447E-4,2.387E-4
3.804,1.447E-4,2.387E-4
3.821,1.447E-4,2.387E-4
3.838,1.647E-4,2.387E-4
3.855,1.647E-4,2.387E-4
3.871,1.647E-4,2.387E-4
3.888,1.647E-4,2.387E-4
3.905,1.647E-4,2.387E-4
3.922,1.647E-4,2.387E-4
3.939,1.647E-4,2.387E-4
3.956,1.647E-4,2.387E-4
3.972,1.647E-4,2.387E-4
3.989,1.847E-4,2.387E-4
4.006,1.847E-4,2.387E-4
4.023,2.047E-4,2.387E-4
4.040,2.047E-4,2.387E-4
4.057,2.047E-4,2.387E-4
4.073,2.047E-4,2.387E-4
4.090,2.047E-4,2.387E-4
4.107,1.847E-4,2.587E-4
4.124,1.847E-4,2.587E-4
4.141,1.647E-4,2.587E-4
4.158,1.647E-4,2.587E-4
4.174,1.647E-4,2.587E-4
4.191,1.647E-4,2.587E-4
4.208,1.647E-4,2.587E-4
4.225,1.647E-4,2.587E-4
4.242,1.647E-4,2.587E-4
4.259,1.647E-4,2.587E-4
4.275,1.647E-4,2.587E-4
4.292,1.647E-4,2.587E-4
4.309,1.647E-4,2.587E-4
4.326,1.647E-4,2.587E-4
4.343,1.647E-4,2.587E-4
4.360,1.647E-4,2.587E-4
4.376,1.647E-4,2.587E-4
4.393,1.647E-4,2.587E-4
4.410,1.647E-4,2.587E-4
4.427,1.647E-4,2.587E-4
4.444,1.647E-4,2.587E-4
4.461,1.647E-4,2.587E-4
4.477,1.647E-4,2.587E-4
4.494,1.647E-4,2.587E-4
4.511,1.647E-4,2.587E-4
4.528,1.647E-4,2.587E-4
4.545,1.647E-4,2.587E-4
4.562,1.647E-4,2.587E-4
4.578,1.647E-4,2.587E-4
4.595,1.647E-4,2.587E-4
4.612,1.647E-4,2.587E-4
4.629,1.647E-4,2.587E-4
4.646,1.647E-4,2.587E-4
4.663,1.647E-4,2.587E-4
4.679,1.647E-4,2.587E-4
4.696,1.647E-4,2.587E-4
4.713,1.647E-4,2.587E-4
4.730,1.847E-4,2.587E-4
4.747,2.047E-4,2.787E-4
4.764,2.047E-4,2.787E-4
4.780,2.047E-4,2.787E-4
4.797,2.047E-4,2.787E-4
4.814,2.047E-4,2.787E-4
4.831,2.047E-4,2.787E-4
4.848,2.047E-4,2.787E-4
4.865,2.047E-4,2.787E-4
4.881,2.047E-4,2.787E-4
4.898,2.047E-4,2.787E-4
4.915,2.047E-4,2.787E-4
4.932,2.047E-4,2.787E-4
4.949,2.247E-4,2.787E-4
4.965,2.247E-4,2.787E-4
4.982,2.247E-4,2.787E-4
4.999,2.447E-4,2.787E-4
5.016,2.447E-4,2.787E-4
5.033,2.447E-4,3.187E-4
5.050,2.447E-4,3.387E-4
5.066,2.447E-4,3.387E-4
5.083,2.647E-4,3.387E-4
5.100,2.647E-4,3.387E-4
5.117,3.047E-4,3.387E-4
5.134,3.246E-4,3.387E-4
5.151,3.246E-4,3.387E-4
5.167,3.246E-4,3.387E-4
5.184,3.246E-4,3.387E-4
5.201,3.246E-4,3.387E-4
5.218,3.246E-4,3.387E-4
5.235,3.246E-4,3.387E-4
5.252,3.246E-4,3.387E-4
5.268,3.246E-4,3.387E-4
5.285,3.246E-4,3.387E-4
5.302,3.246E-4,3.387E-4
5.319,3.446E-4,3.387E-4
5.336,3.446E-4,3.387E-4
5.353,3.446E-4,3.387E-4
5.369,3.446E-4,3.387E-4
5.386,3.446E-4,3.387E-4
5.403,3.446E-4,3.387E-4
5.420,3.446E-4,3.387E-4
5.437,3.446E-4,3.387E-4
5.454,3.446E-4,3.387E-4
5.470,3.446E-4,3.387E-4
5.487,3.446E-4,3.387E-4
5.504,3.446E-4,3.387E-4
5.521,3.446E-4,3.387E-4
5.538,3.446E-4,3.387E-4
5.555,3.446E-4,3.387E-4
5.571,3.446E-4,3.387E-4
5.588,3.446E-4,3.387E-4
5.605,3.446E-4,3.387E-4
5.622,3.446E-4,3.587E-4
5.639,3.446E-4,3.987E-4
5.656,3.446E-4,3.987E-4
5.672,3.446E-4,3.987E-4
5.689,3.446E-4,3.987E-4
5.706,3.446E-4,3.987E-4
5.723,3.446E-4,3.987E-4
5.740,3.446E-4,3.987E-4
5.757,3.446E-4,3.987E-4
5.773,3.446E-4,3.987E-4
5.790,3.446E-4,3.987E-4
5.807,3.446E-4,3.987E-4
5.824,3.446E-4,3.987E-4
5.841,3.446E-4,3.987E-4
5.858,3.446E-4,3.987E-4
5.874,3.446E-4,3.987E-4
5.891,3.446E-4,3.987E-4
5.908,3.446E-4,3.987E-4
5.925,3.446E-4,3.987E-4
5.942,3.446E-4,3.987E-4
5.959,3.446E-4,3.987E-4
5.975,3.446E-4,3.987E-4
5.992,3.446E-4,3.987E-4
6.009,3.446E-4,3.987E-4
6.026,3.446E-4,3.987E-4
6.043,3.446E-4,3.987E-4
6.060,3.446E-4,3.987E-4
6.076,3.446E-4,3.987E-4
6.093,3.446E-4,3.987E-4
6.110,3.446E-4,3.987E-4
6.127,3.446E-4,3.987E-4
6.144,3.446E-4,3.987E-4
6.161,3.446E-4,3.987E-4
6.177,3.446E-4,3.987E-4
6.194,3.446E-4,3.987E-4
6.211,3.446E-4,3.987E-4
6.228,3.446E-4,3.987E-4
6.245,3.446E-4,3.987E-4
6.262,3.446E-4,3.987E-4
6.278,3.446E-4,3.987E-4
6.295,3.446E-4,3.987E-4
6.312,3.446E-4,3.987E-4
6.329,3.446E-4,3.987E-4
6.346,3.446E-4,3.987E-4
6.363,3.446E-4,3.987E-4
6.379,3.446E-4,3.987E-4
6.396,3.446E-4,3.987E-4
6.413,3.446E-4,3.987E-4
6.430,3.446E-4,3.987E-4
6.447,3.446E-4,3.987E-4
6.464,3.446E-4,3.987E-4
6.480,3.446E-4,3.987E-4
6.497,3.446E-4,3.987E-4
6.514,3.446E-4,3.987E-4
6.531,3.446E-4,3.987E-4
6.548,3.446E-4,3.987E-4
6.565,3.446E-4,3.987E-4
6.581,3.446E-4,3.987E-4
6.598,3.446E-4,3.987E-4
6.615,3.446E-4,3.987E-4
6.632,3.446E-4,3.987E-4
6.649,3.446E-4,3.987E-4
6.666,3.446E-4,3.987E-4
6.682,3.446E-4,3.987E-4
6.699,3.446E-4,3.987E-4
6.716,3.446E-4,3.987E-4
6.733,3.446E-4,3.987E-4
6.750,3.446E-4,3.987E-4
6.767,3.446E-4,3.987E-4
6.783,3.446E-4,3.987E-4
6.800,3.446E-4,3.987E-4
6.817,3.446E-4,3.987E-4
6.834,3.446E-4,3.987E-4
6.851,3.446E-4,3.987E-4
6.868,3.446E-4,3.987E-4
6.884,3.446E-4,3.987E-4
6.901,3.446E-4,3.987E-4
6.918,3.446E-4,3.987E-4
6.935,3.446E-4,3.987E-4
6.952,3.846E-4,4.387E-4
6.969,2.647E-4,4.387E-4
6.985,2.647E-4,4.387E-4
7.002,2.247E-4,4.387E-4
7.019,2.247E-4,4.387E-4
7.036,1.847E-4,4.387E-4
7.053,1.847E-4,4.387E-4
7.070,1.647E-4,4.387E-4
7.086,1.647E-4,4.387E-4
7.103,1.647E-4,4.387E-4
7.120,1.647E-4,4.387E-4
7.137,1.647E-4,4.387E-4
7.154,1.647E-4,4.387E-4
7.171,1.647E-4,4.387E-4
7.187,1.647E-4,4.387E-4
7.204,1.647E-4,4.387E-4
7.221,1.647E-4,4.387E-4
7.238,1.647E-4,4.387E-4
7.255,1.647E-4,4.387E-4
7.272,1.647E-4,4.387E-4
7.288,1.647E-4,4.387E-4
7.305,1.647E-4,4.387E-4
7.322,1.647E-4,4.387E-4
7.339,1.047E-4,4.387E-4
7.356,1.047E-4,4.387E-4
7.373,1.047E-4,4.387E-4
7.389,8.474E-5,4.387E-4
7.406,8.474E-5,4.387E-4
7.423,8.474E-5,4.387E-4
7.440,6.475E-5,4.387E-4
7.457,6.475E-5,4.387E-4
7.473,6.475E-5,4.387E-4
7.490,6.475E-5,4.387E-4
7.507,6.475E-5,4.387E-4
7.524,6.475E-5,4.387E-4
7.541,2.477E-5,3.787E-4
7.558,2.477E-5,3.787E-4
7.574,2.477E-5,3.387E-4
7.591,2.477E-5,2.987E-4
7.608,4.775E-6,2.987E-4
7.625,-1.522E-5,2.787E-4
7.642,-5.520E-5,2.587E-4
7.659,-5.520E-5,2.587E-4
7.675,-5.520E-5,2.787E-4
7.692,-5.520E-5,3.387E-4
7.709,-5.520E-5,3.587E-4
7.726,-5.520E-5,3.587E-4
7.743,-5.520E-5,3.587E-4
7.760,-5.520E-5,3.587E-4
7.776,-5.520E-5,3.387E-4
7.793,-5.520E-5,3.387E-4
7.810,-5.520E-5,3.387E-4
7.827,-5.520E-5,3.387E-4
7.844,-5.520E-5,3.387E-4
7.861,-5.520E-5,3.387E-4
7.877,-5.520E-5,3.387E-4
7.894,-5.520E-5,3.387E-4
7.911,-5.520E-5,3.387E-4
7.928,-5.520E-5,3.387E-4
7.945,-5.520E-5,3.387E-4
7.962,-5.520E-5,3.387E-4
7.978,-5.520E-5,3.387E-4
7.995,-5.520E-5,3.387E-4
8.012,-5.520E-5,3.387E-4
8.029,-5.520E-5,3.387E-4
8.046,-5.520E-5,3.387E-4
8.063,-5.520E-5,3.387E-4
8.079,-5.520E-5,3.387E-4
8.096,-5.520E-5,3.387E-4
8.113,-5.520E-5,3.387E-4
8.130,-5.520E-5,3.387E-4
8.147,-5.520E-5,3.387E-4
8.164,-5.520E-5,3.387E-4
8.180,-5.520E-5,3.387E-4
8.197,-5.520E-5,3.387E-4
8.214,-5.520E-5,3.387E-4
8.231,-5.520E-5,3.387E-4
8.248,-5.520E-5,3.387E-4
8.265,-5.520E-5,3.387E-4
8.281,-5.520E-5,3.387E-4
8.298,-5.520E-5,3.387E-4
8.315,-5.520E-5,3.387E-4
8.332,-5.520E-5,3.387E-4
8.349,-5.520E-5,3.387E-4
8.366,-5.520E-5,3.387E-4
8.382,-5.520E-5,3.387E-4
8.399,-5.520E-5,3.387E-4
8.416,-5.520E-5,3.387E-4
8.433,-5.520E-5,3.387E-4
8.450,-5.520E-5,3.387E-4
8.467,-5.520E-5,3.387E-4
8.483,-5.520E-5,3.387E-4
8.500,-5.520E-5,2.987E-4
8.517,-5.520E-5,2.987E-4
8.534,4.775E-6,2.587E-4
8.551,2.477E-5,2.587E-4
8.568,2.477E-5,2.587E-4
8.584,8.474E-5,2.587E-4
8.601,8.474E-5,2.987E-4
8.618,8.474E-5,3.387E-4
8.635,8.474E-5,3.387E-4
8.652,8.474E-5,3.387E-4
8.669,8.474E-5,3.387E-4
8.685,8.474E-5,3.387E-4
8.702,8.474E-5,3.387E-4
8.719,8.474E-5,3.387E-4
8.736,8.474E-5,3.387E-4
8.753,8.474E-5,3.387E-4
8.770,8.474E-5,3.387E-4
8.786,8.474E-5,3.387E-4
8.803,8.474E-5,3.387E-4
8.820,8.474E-5,3.387E-4
8.837,8.474E-5,3.387E-4
8.854,8.474E-5,3.387E-4
8.871,8.474E-5,3.387E-4
8.887,8.474E-5,3.387E-4
8.904,8.474E-5,3.387E-4
8.921,8.474E-5,3.387E-4
8.938,8.474E-5,3.387E-4
8.955,8.474E-5,3.387E-4
8.972,8.474E-5,3.387E-4
8.988,4.476E-5,3.387E-4
9.005,4.476E-5,3.387E-4
9.022,4.476E-5,3.387E-4
9.039,4.476E-5,3.387E-4
9.056,4.476E-5,3.387E-4
9.073,4.476E-5,3.387E-4
9.089,4.476E-5,3.387E-4
9.106,4.476E-5,3.387E-4
9.123,4.476E-5,3.387E-4
9.140,4.476E-5,3.387E-4
9.157,4.476E-5,3.387E-4
9.174,4.476E-5,3.387E-4
9.190,4.476E-5,3.387E-4
9.207,4.476E-5,3.387E-4
9.224,4.476E-5,3.387E-4
9.241,4.476E-5,3.387E-4
9.258,4.476E-5,3.387E-4
9.275,4.476E-5,3.387E-4
9.291,4.476E-5,3.387E-4
9.308,4.476E-5,3.387E-4
9.325,4.476E-5,3.387E-4
9.342,4.476E-5,3.387E-4
9.359,4.476E-5,3.387E-4
9.376,4.476E-5,3.387E-4
9.392,4.476E-5,3.387E-4
9.409,4.476E-5,3.387E-4
9.426,4.476E-5,3.387E-4
9.443,4.476E-5,3.387E-4
9.460,4.476E-5,3.387E-4
9.477,4.476E-5,3.387E-4
9.493,4.476E-5,3.387E-4
9.510,4.476E-5,3.387E-4
9.527,4.476E-5,3.387E-4
9.544,4.476E-5,3.387E-4
9.561,4.476E-5,3.387E-4
9.578,4.476E-5,3.387E-4
9.594,4.476E-5,3.387E-4
9.611,4.476E-5,3.387E-4
9.628,4.476E-5,3.387E-4
9.645,4.476E-5,3.387E-4
9.662,4.476E-5,3.387E-4
9.679,4.476E-5,3.387E-4
9.695,4.476E-5,3.387E-4
9.712,4.476E-5,3.387E-4
9.729,4.476E-5,3.387E-4
9.746,4.476E-5,3.387E-4
9.763,4.476E-5,3.387E-4
9.780,4.476E-5,3.387E-4
9.796,4.476E-5,3.387E-4
9.813,4.476E-5,3.387E-4
9.830,4.476E-5,3.387E-4
9.847,4.476E-5,3.387E-4
9.864,4.476E-5,3.387E-4
9.880,4.476E-5,3.387E-4
9.897,4.476E-5,3.387E-4
9.914,4.476E-5,3.387E-4
9.931,4.476E-5,3.387E-4
9.948,4.476E-5,3.387E-4
9.965,4.476E-5,3.387E-4
9.981,2.477E-5,2.387E-4
9.998,2.477E-5,2.187E-4
10.015,2.477E-5,1.988E-4
10.032,2.477E-5,1.988E-4
10.049,2.477E-5,1.788E-4
10.066,2.477E-5,1.788E-4
10.082,2.477E-5,1.788E-4
10.099,2.477E-5,1.788E-4
10.116,2.477E-5,1.788E-4
10.133,2.477E-5,1.788E-4
10.150,2.477E-5,1.788E-4
10.167,2.477E-5,1.788E-4
10.183,2.477E-5,1.788E-4
10.200,2.477E-5,1.788E-4
10.217,2.477E-5,1.788E-4
10.234,2.477E-5,1.788E-4
10.251,2.477E-5,1.788E-4
10.268,2.477E-5,1.788E-4
10.284,2.477E-5,1.788E-4
10.301,2.477E-5,1.788E-4
10.318,2.477E-5,1.788E-4
10.335,2.477E-5,1.788E-4
10.352,2.477E-5,1.788E-4
10.369,2.477E-5,1.788E-4
10.385,2.477E-5,1.788E-4
10.402,2.477E-5,1.788E-4
10.419,2.477E-5,1.788E-4
10.436,2.477E-5,1.788E-4
10.453,2.477E-5,1.788E-4
10.470,2.477E-5,1.788E-4
10.486,2.477E-5,1.788E-4
10.503,2.477E-5,1.788E-4
10.520,2.477E-5,1.788E-4
10.537,2.477E-5,1.788E-4
10.554,2.477E-5,1.788E-4
10.571,2.477E-5,1.788E-4
10.587,2.477E-5,1.788E-4
10.604,2.477E-5,1.788E-4
10.621,2.477E-5,1.788E-4
10.638,4.476E-5,1.988E-4
10.655,6.475E-5,1.988E-4
10.672,8.474E-5,2.387E-4
10.688,1.247E-4,2.587E-4
10.705,1.247E-4,2.587E-4
10.722,1.247E-4,2.587E-4
10.739,1.247E-4,2.587E-4
10.756,1.247E-4,2.587E-4
10.773,1.247E-4,2.187E-4
10.789,1.247E-4,1.788E-4
10.806,1.247E-4,1.788E-4
10.823,1.247E-4,1.788E-4
10.840,1.247E-4,1.788E-4
10.857,1.247E-4,1.788E-4
10.874,1.247E-4,1.788E-4
10.890,1.247E-4,1.788E-4
10.907,1.247E-4,1.788E-4
10.924,1.247E-4,1.788E-4
10.941,1.247E-4,1.788E-4
10.958,1.247E-4,1.788E-4
10.975,1.247E-4,1.788E-4
10.991,1.247E-4,1.588E-4
11.008,1.247E-4,1.588E-4
11.025,1.247E-4,1.588E-4
11.042,1.247E-4,1.388E-4
11.059,1.247E-4,1.388E-4
11.076,1.247E-4,1.388E-4
11.092,1.247E-4,1.388E-4
11.109,1.247E-4,1.388E-4
11.126,1.247E-4,1.388E-4
11.143,1.247E-4,1.388E-4
11.160,1.247E-4,1.388E-4
11.177,1.247E-4,1.388E-4
11.193,1.247E-4,1.388E-4
11.210,1.247E-4,1.388E-4
11.227,1.247E-4,1.388E-4
11.244,1.247E-4,1.588E-4
11.261,1.247E-4,1.588E-4
11.278,1.247E-4,1.588E-4
11.294,1.047E-4,1.588E-4
11.311,1.047E-4,1.588E-4
11.328,8.474E-5,1.588E-4
11.345,8.474E-5,1.588E-4
11.362,8.474E-5,1.588E-4
11.379,8.474E-5,1.588E-4
11.395,8.474E-5,1.588E-4
11.412,8.474E-5,1.588E-4
11.429,8.474E-5,1.588E-4
11.446,8.474E-5,1.588E-4
11.463,8.474E-5,1.588E-4
11.480,8.474E-5,1.588E-4
11.496,8.474E-5,1.588E-4
11.513,8.474E-5,1.588E-4
11.530,8.474E-5,1.588E-4
11.547,8.474E-5,1.588E-4
11.564,8.474E-5,1.588E-4
11.581,8.474E-5,1.588E-4
11.597,8.474E-5,1.588E-4
11.614,8.474E-5,1.588E-4
11.631,6.475E-5,1.588E-4
11.648,6.475E-5,1.588E-4
11.665,6.475E-5,1.588E-4
11.682,6.475E-5,1.588E-4
11.698,6.475E-5,1.588E-4
11.715,6.475E-5,1.588E-4
11.732,6.475E-5,1.588E-4
11.749,6.475E-5,1.588E-4
11.766,6.475E-5,1.588E-4
11.783,6.475E-5,1.588E-4
11.799,6.475E-5,1.588E-4
11.816,6.475E-5,1.588E-4
11.833,6.475E-5,1.588E-4
11.850,6.475E-5,1.588E-4
11.867,6.475E-5,1.588E-4
11.884,6.475E-5,1.588E-4
11.900,4.476E-5,1.588E-4
11.917,4.775E-6,1.588E-4
11.934,4.775E-6,1.588E-4
11.951,4.775E-6,1.588E-4
11.968,4.775E-6,1.588E-4
11.985,4.775E-6,1.588E-4
12.001,4.775E-6,1.588E-4
12.018,4.775E-6,1.588E-4
12.035,4.775E-6,1.588E-4
12.052,4.775E-6,1.588E-4
12.069,4.775E-6,1.588E-4
12.086,4.775E-6,1.588E-4
12.102,4.775E-6,1.588E-4
12.119,4.775E-6,1.588E-4
12.136,4.775E-6,1.588E-4
12.153,4.775E-6,1.588E-4
12.170,4.775E-6,1.588E-4
12.187,4.775E-6,1.588E-4
12.203,4.775E-6,1.588E-4
12.220,4.775E-6,1.388E-4
12.237,4.775E-6,1.388E-4
12.254,4.775E-6,1.388E-4
12.271,4.775E-6,1.388E-4
12.288,4.775E-6,1.388E-4
12.304,4.775E-6,1.388E-4
12.321,4.775E-6,1.388E-4
12.338,4.775E-6,1.388E-4
12.355,4.775E-6,1.388E-4
12.372,4.775E-6,1.388E-4
12.388,4.775E-6,1.388E-4
12.405,4.775E-6,1.388E-4
12.422,4.775E-6,1.388E-4
12.439,4.775E-6,1.388E-4
12.456,4.775E-6,1.388E-4
12.473,4.775E-6,1.388E-4
12.489,4.775E-6,1.388E-4
12.506,4.775E-6,1.388E-4
12.523,4.775E-6,1.388E-4
12.540,4.775E-6,1.388E-4
12.557,4.775E-6,1.388E-4
12.574,4.775E-6,1.388E-4
12.590,4.775E-6,1.388E-4
12.607,4.775E-6,1.388E-4
12.624,4.775E-6,1.388E-4
12.641,4.775E-6,1.388E-4
12.658,4.775E-6,1.388E-4
12.675,4.775E-6,1.388E-4
12.691,4.775E-6,1.388E-4
12.708,4.775E-6,1.388E-4
12.725,4.775E-6,1.388E-4
12.742,4.775E-6,1.388E-4
12.759,4.775E-6,1.388E-4
12.776,4.775E-6,1.388E-4
12.792,4.775E-6,1.388E-4
12.809,4.775E-6,1.388E-4
12.826,4.775E-6,1.388E-4
12.843,4.775E-6,1.388E-4
12.860,4.775E-6,1.388E-4
12.877,4.775E-6,1.388E-4
12.893,4.775E-6,1.388E-4
12.910,4.775E-6,1.388E-4
12.927,4.775E-6,1.388E-4
12.944,4.775E-6,1.388E-4
12.961,4.775E-6,1.388E-4
12.978,4.775E-6,1.388E-4
12.994,4.775E-6,1.388E-4
13.011,4.775E-6,1.388E-4
13.028,4.775E-6,1.388E-4
13.045,4.775E-6,1.388E-4
13.062,-1.522E-5,1.188E-4
13.079,-1.522E-5,1.188E-4
13.095,-1.522E-5,1.188E-4
13.112,-1.522E-5,1.188E-4
13.129,-1.522E-5,1.188E-4
13.146,-1.522E-5,1.588E-4
13.163,-1.522E-5,1.588E-4
13.180,-1.522E-5,1.588E-4
13.196,-1.522E-5,1.588E-4
13.213,-1.522E-5,1.588E-4
13.230,-1.522E-5,1.588E-4
13.247,-1.522E-5,1.588E-4
13.264,-1.522E-5,1.588E-4
13.281,-1.522E-5,1.588E-4
13.297,-1.522E-5,1.588E-4
13.314,-1.522E-5,1.588E-4
13.331,-1.522E-5,1.588E-4
13.348,-1.522E-5,1.588E-4
13.365,-1.522E-5,1.588E-4
13.382,-1.522E-5,1.588E-4
13.398,2.477E-5,1.588E-4
13.415,2.477E-5,1.588E-4
13.432,4.775E-6,1.788E-4
13.449,4.775E-6,1.788E-4
13.466,4.775E-6,1.788E-4
13.483,4.775E-6,1.788E-4
13.499,4.775E-6,1.788E-4
13.516,4.775E-6,1.788E-4
13.533,4.775E-6,1.788E-4
13.550,4.775E-6,1.788E-4
13.567,4.775E-6,1.788E-4
13.584,4.775E-6,1.788E-4
13.600,4.775E-6,1.788E-4
13.617,4.775E-6,1.788E-4
13.634,4.775E-6,1.788E-4
13.651,4.775E-6,1.788E-4
13.668,4.775E-6,1.788E-4
13.685,4.775E-6,1.788E-4
13.701,4.775E-6,1.788E-4
13.718,4.775E-6,1.788E-4
13.735,4.775E-6,1.788E-4
13.752,4.775E-6,1.788E-4
13.769,4.775E-6,1.788E-4
13.786,4.775E-6,1.788E-4
13.802,4.775E-6,1.788E-4
13.819,4.775E-6,1.788E-4
13.836,4.775E-6,1.788E-4
13.853,4.775E-6,1.788E-4
13.870,4.775E-6,1.788E-4
13.887,4.775E-6,1.788E-4
13.903,-1.522E-5,1.788E-4
13.920,-1.522E-5,1.788E-4
13.937,-1.522E-5,1.788E-4
13.954,-1.522E-5,1.788E-4
13.971,-1.522E-5,1.788E-4
13.988,-1.522E-5,1.788E-4
14.004,-1.522E-5,1.788E-4
14.021,-1.522E-5,1.788E-4
14.038,-1.522E-5,1.788E-4
14.055,-1.522E-5,1.788E-4
14.072,-1.522E-5,1.788E-4
14.089,-1.522E-5,1.788E-4
14.105,-1.522E-5,1.788E-4
14.122,4.775E-6,1.988E-4
14.139,4.775E-6,1.988E-4
14.156,-2.151E-4,-1.011E-4
