	mass A		
t	x	y	
0.000	6.495E-6	-6.554E-6
0.017	1.588E-5	-1.124E-5
0.034	4.861E-5	-6.978E-6
0.051	4.364E-5	3.283E-5
0.067	4.364E-5	3.283E-5
0.084	4.364E-5	3.283E-5
0.101	4.364E-5	3.283E-5
0.118	4.364E-5	3.283E-5
0.135	4.364E-5	3.283E-5
0.152	4.364E-5	3.283E-5
0.169	3.368E-5	3.283E-5
0.185	2.373E-5	3.283E-5
0.202	5.359E-5	3.283E-5
0.219	8.344E-5	3.283E-5
0.236	1.083E-4	4.278E-5
0.253	1.083E-4	4.278E-5
0.270	1.133E-4	6.269E-5
0.286	1.133E-4	9.752E-5
0.303	1.133E-4	8.757E-5
0.320	1.133E-4	8.757E-5
0.337	1.183E-4	8.259E-5
0.354	1.183E-4	8.259E-5
0.371	1.183E-4	8.259E-5
0.388	1.183E-4	8.259E-5
0.404	1.382E-4	8.259E-5
0.421	1.581E-4	1.025E-4
0.438	1.581E-4	1.025E-4
0.455	1.581E-4	1.025E-4
0.472	1.730E-4	1.124E-4
0.489	2.029E-4	1.224E-4
0.506	2.128E-4	1.274E-4
0.522	2.128E-4	1.274E-4
0.539	2.228E-4	1.323E-4
0.556	2.427E-4	1.423E-4
0.573	2.526E-4	1.473E-4
0.590	2.526E-4	1.473E-4
0.607	2.676E-4	1.622E-4
0.623	2.875E-4	1.821E-4
0.640	2.924E-4	1.722E-4
0.657	2.924E-4	1.722E-4
0.674	2.924E-4	1.722E-4
0.691	2.924E-4	1.722E-4
0.708	2.924E-4	1.722E-4
0.725	2.924E-4	1.722E-4
0.741	2.924E-4	1.722E-4
0.758	2.924E-4	1.722E-4
0.775	2.924E-4	1.722E-4
0.792	2.924E-4	1.722E-4
0.809	2.924E-4	1.722E-4
0.826	2.924E-4	1.722E-4
0.843	2.725E-4	1.722E-4
0.859	2.725E-4	1.722E-4
0.876	2.725E-4	1.722E-4
0.893	2.725E-4	1.722E-4
0.910	2.626E-4	1.722E-4
0.927	2.576E-4	1.722E-4
0.944	2.576E-4	1.871E-4
0.961	2.576E-4	2.020E-4
0.977	2.676E-4	2.070E-4
0.994	2.725E-4	2.219E-4
1.011	2.924E-4	2.418E-4
1.028	2.924E-4	2.518E-4
1.045	2.924E-4	2.518E-4
1.062	2.924E-4	2.567E-4
1.078	3.173E-4	2.816E-4
1.095	3.322E-4	2.966E-4
1.112	3.422E-4	3.065E-4
1.129	3.521E-4	3.314E-4
1.146	3.521E-4	3.563E-4
1.163	3.472E-4	3.762E-4
1.180	3.472E-4	3.811E-4
1.196	3.472E-4	3.811E-4
1.213	3.472E-4	3.861E-4
1.230	3.472E-4	3.861E-4
1.247	3.472E-4	3.861E-4
1.264	3.472E-4	3.861E-4
1.281	3.472E-4	3.861E-4
1.298	3.472E-4	3.861E-4
1.314	3.472E-4	3.861E-4
1.331	3.472E-4	3.861E-4
1.348	3.472E-4	3.861E-4
1.365	3.223E-4	3.513E-4
1.382	2.974E-4	3.214E-4
1.399	2.775E-4	3.015E-4
1.416	2.775E-4	3.015E-4
1.432	2.775E-4	3.015E-4
1.449	2.725E-4	2.816E-4
1.466	2.626E-4	2.717E-4
1.483	2.626E-4	2.717E-4
1.500	2.725E-4	2.866E-4
1.517	2.725E-4	2.767E-4
1.533	2.676E-4	2.717E-4
1.550	2.725E-4	2.966E-4
1.567	2.725E-4	2.966E-4
1.584	2.526E-4	2.617E-4
1.601	2.327E-4	2.368E-4
1.618	1.879E-4	2.070E-4
1.635	1.879E-4	2.070E-4
1.651	9.837E-5	2.020E-4
1.668	4.861E-5	1.722E-4
1.685	4.364E-5	1.722E-4
1.702	4.364E-5	1.722E-4
1.719	3.368E-5	1.672E-4
1.736	1.378E-5	1.672E-4
1.753	-1.148E-6	2.020E-4
1.769	2.871E-5	2.418E-4
1.786	5.359E-5	2.667E-4
1.803	5.856E-5	2.816E-4
1.820	3.368E-5	2.567E-4
1.837	2.373E-5	2.368E-4
1.854	2.373E-5	2.368E-4
1.870	1.876E-5	2.269E-4
1.887	-5.091E-5	1.224E-4
1.904	-1.056E-4	6.269E-5
1.921	-1.504E-4	4.278E-5
1.938	-2.450E-4	3.781E-5
1.955	-1.753E-4	7.761E-5
1.972	-1.255E-4	1.224E-4
1.988	-8.076E-5	1.423E-4
2.005	-1.056E-4	1.075E-4
2.022	-1.206E-4	9.752E-5
2.039	-7.579E-5	1.224E-4
2.056	-4.096E-5	1.523E-4
2.073	-1.608E-5	1.622E-4
2.090	-6.124E-6	1.622E-4
2.106	-6.124E-6	1.622E-4
2.123	9.339E-5	2.020E-4
2.140	1.033E-4	2.219E-4
2.157	1.133E-4	2.368E-4
2.174	1.133E-4	2.368E-4
2.191	1.083E-4	2.319E-4
2.208	9.837E-5	2.319E-4
2.224	9.837E-5	2.319E-4
2.241	9.837E-5	2.319E-4
2.258	9.837E-5	2.319E-4
2.275	7.847E-5	2.020E-4
2.292	7.847E-5	1.970E-4
2.309	4.861E-5	1.523E-4
2.325	3.828E-6	9.254E-5
2.342	-4.096E-5	4.278E-5
2.359	2.871E-5	2.288E-5
2.376	8.344E-5	4.278E-5
2.393	1.083E-4	8.259E-5
2.410	1.083E-4	4.278E-5
2.427	1.033E-4	3.283E-5
2.443	1.033E-4	4.278E-5
2.460	1.133E-4	7.761E-5
2.477	1.183E-4	8.259E-5
2.494	1.033E-4	5.771E-5
2.511	1.332E-4	4.278E-5
2.528	1.780E-4	7.264E-5
2.545	1.929E-4	8.259E-5
2.561	2.128E-4	8.757E-5
2.578	2.128E-4	8.757E-5
2.595	2.875E-4	1.821E-4
2.612	3.123E-4	2.667E-4
2.629	3.173E-4	3.115E-4
2.646	3.173E-4	3.115E-4
2.662	3.322E-4	3.364E-4
2.679	3.422E-4	3.563E-4
2.696	3.422E-4	3.662E-4
2.713	3.472E-4	4.259E-4
2.730	3.472E-4	4.259E-4
2.747	3.024E-4	4.210E-4
2.764	3.024E-4	3.811E-4
2.780	3.024E-4	3.563E-4
2.797	3.024E-4	3.214E-4
2.814	2.875E-4	2.617E-4
2.831	2.725E-4	2.219E-4
2.848	2.626E-4	1.821E-4
2.865	2.576E-4	1.722E-4
2.882	2.576E-4	1.722E-4
2.898	2.725E-4	1.871E-4
2.915	2.725E-4	1.871E-4
2.932	2.725E-4	1.871E-4
2.949	2.725E-4	1.871E-4
2.966	2.924E-4	2.219E-4
2.983	2.725E-4	1.821E-4
3.000	2.676E-4	1.423E-4
3.016	2.526E-4	8.757E-5
3.033	2.775E-4	5.273E-5
3.050	2.725E-4	-4.181E-5
3.067	2.327E-4	-9.654E-5
3.084	3.123E-4	-5.674E-5
3.101	2.974E-4	-6.669E-5
3.117	2.725E-4	-1.065E-4
3.134	2.725E-4	-1.164E-4
3.151	2.924E-4	-3.683E-5
3.168	2.924E-4	7.761E-5
3.185	2.875E-4	9.752E-5
3.202	2.676E-4	5.771E-5
3.219	2.725E-4	6.269E-5
3.235	2.725E-4	6.269E-5
3.252	2.725E-4	6.269E-5
3.269	2.725E-4	9.254E-5
3.286	3.024E-4	1.423E-4
3.303	3.123E-4	1.722E-4
3.320	2.775E-4	1.224E-4
3.337	2.676E-4	1.025E-4
3.353	2.775E-4	1.025E-4
3.370	2.974E-4	1.323E-4
3.387	3.024E-4	1.323E-4
3.404	2.875E-4	9.752E-5
3.421	2.875E-4	8.259E-5
3.438	2.875E-4	8.259E-5
3.455	2.875E-4	8.259E-5
3.471	2.775E-4	7.761E-5
3.488	3.123E-4	1.323E-4
3.505	3.223E-4	1.473E-4
3.522	3.223E-4	1.523E-4
3.539	3.223E-4	1.523E-4
3.556	3.322E-4	1.672E-4
3.572	3.422E-4	1.722E-4
3.589	3.571E-4	2.020E-4
3.606	3.621E-4	2.269E-4
3.623	3.720E-4	2.617E-4
3.640	3.820E-4	2.816E-4
3.657	3.920E-4	2.966E-4
3.674	4.119E-4	3.065E-4
3.690	4.119E-4	3.065E-4
3.707	4.019E-4	3.065E-4
3.724	4.019E-4	3.015E-4
3.741	4.019E-4	3.015E-4
3.758	3.969E-4	3.015E-4
3.775	3.969E-4	3.214E-4
3.792	3.969E-4	3.413E-4
3.808	3.969E-4	3.413E-4
3.825	3.969E-4	3.612E-4
3.842	3.969E-4	3.612E-4
3.859	3.920E-4	3.762E-4
3.876	3.870E-4	3.762E-4
3.893	3.720E-4	3.712E-4
3.909	3.571E-4	3.612E-4
3.926	3.571E-4	3.612E-4
3.943	3.472E-4	3.413E-4
3.960	3.372E-4	3.364E-4
3.977	3.173E-4	3.115E-4
3.994	3.173E-4	3.115E-4
4.011	3.173E-4	3.115E-4
4.027	3.123E-4	2.717E-4
4.044	3.123E-4	2.667E-4
4.061	3.322E-4	2.667E-4
4.078	3.322E-4	2.667E-4
4.095	3.322E-4	2.667E-4
4.112	3.521E-4	2.816E-4
4.129	3.521E-4	2.816E-4
4.145	3.521E-4	2.816E-4
4.162	3.521E-4	2.717E-4
4.179	3.422E-4	2.518E-4
4.196	3.322E-4	2.468E-4
4.213	3.422E-4	2.667E-4
4.230	3.472E-4	2.816E-4
4.247	3.472E-4	2.966E-4
4.263	3.472E-4	2.966E-4
4.280	3.472E-4	2.966E-4
4.297	3.472E-4	2.966E-4
4.314	3.472E-4	2.966E-4
4.331	3.472E-4	2.966E-4
4.348	3.472E-4	2.966E-4
4.364	3.472E-4	2.966E-4
4.381	3.472E-4	2.966E-4
4.398	3.472E-4	2.966E-4
4.415	3.472E-4	2.966E-4
4.432	3.472E-4	2.966E-4
4.449	3.472E-4	2.966E-4
4.466	3.472E-4	2.966E-4
4.482	3.472E-4	2.916E-4
4.499	3.521E-4	2.916E-4
4.516	3.720E-4	2.966E-4
4.533	3.920E-4	3.214E-4
4.550	4.119E-4	3.264E-4
4.567	4.318E-4	3.413E-4
4.584	4.318E-4	3.413E-4
4.600	4.318E-4	3.413E-4
4.617	4.318E-4	3.413E-4
4.634	4.318E-4	3.413E-4
4.651	4.318E-4	3.413E-4
4.668	4.318E-4	3.413E-4
4.685	4.367E-4	3.413E-4
4.701	4.417E-4	3.413E-4
4.718	4.417E-4	3.612E-4
4.735	4.318E-4	3.612E-4
4.752	4.318E-4	3.612E-4
4.769	4.318E-4	3.612E-4
4.786	4.318E-4	3.612E-4
4.803	4.318E-4	3.612E-4
4.819	4.318E-4	3.712E-4
4.836	4.318E-4	3.712E-4
4.853	4.318E-4	3.712E-4
4.870	4.318E-4	3.712E-4
4.887	4.318E-4	3.811E-4
4.904	4.318E-4	3.811E-4
4.921	4.367E-4	3.861E-4
4.937	4.417E-4	3.861E-4
4.954	4.417E-4	3.861E-4
4.971	4.467E-4	3.961E-4
4.988	4.467E-4	3.961E-4
5.005	4.467E-4	3.961E-4
5.022	4.467E-4	3.961E-4
5.039	4.467E-4	3.961E-4
5.055	4.467E-4	3.961E-4
5.072	4.467E-4	3.961E-4
5.089	4.467E-4	3.961E-4
5.106	4.467E-4	3.961E-4
5.123	4.467E-4	3.961E-4
5.140	4.467E-4	3.961E-4
5.156	4.467E-4	4.010E-4
5.173	4.467E-4	4.010E-4
5.190	4.467E-4	4.010E-4
5.207	4.517E-4	4.060E-4
5.224	4.517E-4	4.210E-4
5.241	4.517E-4	4.210E-4
5.258	4.716E-4	4.309E-4
5.274	4.765E-4	4.458E-4
5.291	4.765E-4	4.458E-4
5.308	4.716E-4	4.458E-4
5.325	4.716E-4	4.458E-4
5.342	4.716E-4	4.458E-4
5.359	4.517E-4	4.359E-4
5.376	4.517E-4	4.309E-4
5.392	4.517E-4	4.309E-4
5.409	4.517E-4	4.309E-4
5.426	4.517E-4	4.010E-4
5.443	4.517E-4	3.811E-4
5.460	4.666E-4	3.811E-4
5.477	4.716E-4	3.811E-4
5.493	4.616E-4	3.612E-4
5.510	4.616E-4	3.612E-4
5.527	4.716E-4	3.612E-4
5.544	4.616E-4	3.513E-4
5.561	4.318E-4	3.214E-4
5.578	4.318E-4	3.115E-4
5.595	4.318E-4	3.115E-4
5.611	4.318E-4	3.115E-4
5.628	4.318E-4	3.015E-4
5.645	4.318E-4	3.015E-4
5.662	4.517E-4	3.214E-4
5.679	4.517E-4	3.214E-4
5.696	4.517E-4	3.214E-4
5.713	4.517E-4	3.214E-4
5.729	4.517E-4	3.214E-4
5.746	4.517E-4	3.214E-4
5.763	4.517E-4	3.214E-4
5.780	4.517E-4	3.214E-4
5.797	4.517E-4	3.214E-4
5.814	4.517E-4	3.214E-4
5.831	4.517E-4	3.165E-4
5.847	4.616E-4	3.413E-4
5.864	4.716E-4	3.563E-4
5.881	4.815E-4	3.662E-4
5.898	4.815E-4	3.662E-4
5.915	4.815E-4	3.662E-4
5.932	4.815E-4	3.662E-4
5.948	4.815E-4	3.662E-4
5.965	4.815E-4	3.662E-4
5.982	4.915E-4	3.762E-4
5.999	4.964E-4	3.961E-4
6.016	5.014E-4	4.110E-4
6.033	5.164E-4	4.309E-4
6.050	5.512E-4	4.608E-4
6.066	5.512E-4	4.608E-4
6.083	5.562E-4	4.608E-4
6.100	5.711E-4	4.707E-4
6.117	5.711E-4	4.707E-4
6.134	5.711E-4	4.707E-4
6.151	5.711E-4	4.707E-4
6.168	5.711E-4	4.707E-4
6.184	5.363E-4	4.210E-4
6.201	5.313E-4	4.110E-4
6.218	5.313E-4	3.861E-4
6.235	5.313E-4	3.811E-4
6.252	5.313E-4	3.811E-4
6.269	5.263E-4	3.712E-4
6.286	5.213E-4	3.712E-4
6.302	5.114E-4	3.413E-4
6.319	5.014E-4	3.264E-4
6.336	5.014E-4	3.115E-4
6.353	4.915E-4	2.567E-4
6.370	4.716E-4	1.970E-4
6.387	4.616E-4	1.572E-4
6.403	4.666E-4	1.622E-4
6.420	4.467E-4	1.423E-4
6.437	4.168E-4	1.224E-4
6.454	4.168E-4	1.224E-4
6.471	4.517E-4	1.572E-4
6.488	4.517E-4	1.572E-4
6.505	4.467E-4	1.373E-4
6.521	4.467E-4	1.373E-4
6.538	4.467E-4	1.423E-4
6.555	4.467E-4	1.423E-4
6.572	4.467E-4	1.373E-4
6.589	4.318E-4	1.274E-4
6.606	4.318E-4	1.274E-4
6.623	4.318E-4	1.274E-4
6.639	4.318E-4	1.274E-4
6.656	4.367E-4	1.771E-4
6.673	4.367E-4	1.821E-4
6.690	4.367E-4	1.821E-4
6.707	4.367E-4	1.821E-4
6.724	4.417E-4	2.418E-4
6.740	4.417E-4	2.617E-4
6.757	4.517E-4	2.816E-4
6.774	4.666E-4	3.065E-4
6.791	4.716E-4	3.463E-4
6.808	4.815E-4	3.712E-4
6.825	4.915E-4	3.811E-4
6.842	4.915E-4	4.060E-4
6.858	4.915E-4	4.210E-4
6.875	4.915E-4	4.409E-4
6.892	4.915E-4	4.657E-4
6.909	4.915E-4	4.657E-4
6.926	4.666E-4	4.508E-4
6.943	4.666E-4	4.508E-4
6.960	4.666E-4	4.508E-4
6.976	4.666E-4	4.458E-4
6.993	4.666E-4	4.458E-4
7.010	4.716E-4	4.558E-4
7.027	4.865E-4	4.657E-4
7.044	4.865E-4	4.657E-4
7.061	4.865E-4	4.657E-4
7.078	4.865E-4	4.657E-4
7.094	4.865E-4	4.657E-4
7.111	4.915E-4	4.657E-4
7.128	5.164E-4	4.807E-4
7.145	5.910E-4	5.105E-4
7.162	6.109E-4	5.205E-4
7.179	6.358E-4	5.304E-4
7.195	6.756E-4	5.404E-4
7.212	7.154E-4	5.603E-4
7.229	7.452E-4	5.802E-4
7.246	7.651E-4	5.951E-4
7.263	7.851E-4	6.200E-4
7.280	7.950E-4	6.399E-4
7.297	8.000E-4	6.399E-4
7.313	8.000E-4	6.399E-4
7.330	8.000E-4	6.399E-4
7.347	8.000E-4	6.399E-4
7.364	8.000E-4	6.399E-4
7.381	8.000E-4	6.399E-4
7.398	7.303E-4	5.553E-4
7.415	6.905E-4	5.006E-4
7.431	6.407E-4	4.409E-4
7.448	5.363E-4	3.065E-4
7.465	5.064E-4	9.254E-5
7.482	4.815E-4	-2.002E-6
7.499	4.616E-4	-1.693E-5
7.516	4.616E-4	-1.693E-5
7.532	4.616E-4	-1.195E-5
7.549	4.616E-4	7.950E-6
7.566	3.422E-4	9.254E-5
7.583	3.422E-4	1.075E-4
7.600	3.521E-4	1.323E-4
7.617	3.671E-4	1.523E-4
7.634	3.770E-4	1.672E-4
7.650	3.770E-4	1.672E-4
7.667	3.770E-4	2.020E-4
7.684	3.820E-4	2.219E-4
7.701	3.870E-4	2.269E-4
7.718	3.920E-4	2.418E-4
7.735	3.969E-4	2.767E-4
7.752	4.168E-4	3.762E-4
7.768	4.168E-4	4.210E-4
7.785	4.168E-4	4.906E-4
7.802	4.119E-4	5.105E-4
7.819	4.019E-4	5.205E-4
7.836	3.720E-4	5.006E-4
7.853	3.671E-4	4.956E-4
7.870	3.671E-4	4.956E-4
7.886	3.521E-4	4.707E-4
7.903	3.521E-4	4.707E-4
7.920	3.521E-4	4.906E-4
7.937	3.521E-4	5.254E-4
7.954	3.372E-4	5.254E-4
7.971	3.372E-4	5.254E-4
7.987	3.372E-4	5.254E-4
8.004	3.372E-4	5.254E-4
8.021	3.322E-4	5.205E-4
8.038	3.273E-4	4.956E-4
8.055	3.223E-4	4.707E-4
8.072	3.123E-4	4.409E-4
8.089	3.123E-4	4.359E-4
8.105	3.123E-4	4.359E-4
8.122	3.123E-4	4.359E-4
8.139	3.123E-4	4.359E-4
8.156	3.123E-4	4.359E-4
8.173	3.123E-4	4.359E-4
8.190	3.173E-4	4.160E-4
8.207	3.322E-4	4.010E-4
8.223	3.621E-4	3.811E-4
8.240	3.770E-4	3.612E-4
8.257	3.920E-4	3.413E-4
8.274	3.969E-4	3.413E-4
8.291	4.268E-4	3.413E-4
8.308	4.268E-4	3.413E-4
8.325	4.268E-4	3.413E-4
8.341	4.268E-4	3.413E-4
8.358	4.268E-4	3.413E-4
8.375	4.268E-4	3.364E-4
8.392	4.517E-4	3.015E-4
8.409	4.566E-4	3.015E-4
8.426	4.716E-4	3.065E-4
8.442	4.616E-4	2.916E-4
8.459	4.616E-4	2.916E-4
8.476	4.616E-4	2.866E-4
8.493	4.517E-4	2.418E-4
8.510	4.318E-4	1.921E-4
8.527	4.318E-4	1.622E-4
8.544	4.318E-4	1.473E-4
8.560	4.865E-4	1.423E-4
8.577	5.014E-4	1.423E-4
8.594	5.114E-4	1.423E-4
8.611	5.263E-4	1.622E-4
8.628	5.313E-4	1.722E-4
8.645	5.313E-4	1.722E-4
8.662	5.313E-4	5.771E-5
8.678	5.363E-4	3.781E-5
8.695	5.363E-4	2.288E-5
8.712	5.263E-4	1.174E-4
8.729	5.313E-4	1.622E-4
8.746	5.313E-4	1.821E-4
8.763	5.114E-4	1.821E-4
8.779	5.512E-4	2.269E-4
8.796	5.512E-4	2.567E-4
8.813	5.064E-4	1.672E-4
8.830	4.964E-4	1.224E-4
8.847	4.964E-4	1.224E-4
8.864	4.964E-4	1.224E-4
8.881	4.318E-4	-1.513E-4
8.897	4.268E-4	-2.359E-4
8.914	5.114E-4	-6.171E-5
8.931	5.114E-4	8.259E-5
8.948	5.114E-4	1.274E-4
8.965	4.765E-4	9.254E-5
8.982	4.716E-4	8.259E-5
8.999	5.213E-4	2.518E-4
9.015	5.164E-4	2.717E-4
9.032	5.064E-4	1.722E-4
9.049	5.064E-4	1.323E-4
9.066	5.462E-4	2.269E-4
9.083	5.462E-4	2.269E-4
9.100	5.512E-4	2.767E-4
9.117	5.611E-4	3.811E-4
9.133	5.611E-4	4.409E-4
9.150	5.611E-4	4.409E-4
9.167	5.313E-4	4.409E-4
9.184	5.363E-4	4.906E-4
9.201	5.363E-4	5.503E-4
9.218	5.363E-4	5.205E-4
9.234	5.114E-4	4.359E-4
9.251	5.114E-4	4.359E-4
9.268	5.114E-4	4.757E-4
9.285	5.114E-4	4.757E-4
9.302	5.114E-4	4.856E-4
9.319	5.313E-4	5.454E-4
9.336	5.164E-4	5.553E-4
9.352	4.815E-4	5.553E-4
9.369	4.765E-4	5.553E-4
9.386	4.765E-4	5.404E-4
9.403	4.716E-4	5.205E-4
9.420	4.666E-4	5.653E-4
9.437	4.716E-4	6.200E-4
9.454	4.666E-4	6.399E-4
9.470	4.119E-4	7.046E-4
9.487	4.119E-4	7.195E-4
9.504	4.119E-4	7.195E-4
9.521	4.119E-4	7.145E-4
9.538	4.119E-4	6.698E-4
9.555	4.119E-4	6.698E-4
9.571	4.119E-4	6.698E-4
9.588	4.119E-4	6.698E-4
9.605	4.119E-4	6.698E-4
9.622	4.119E-4	6.698E-4
9.639	4.019E-4	6.598E-4
9.656	3.671E-4	6.498E-4
9.673	3.671E-4	6.498E-4
9.689	3.123E-4	7.145E-4
9.706	3.024E-4	7.096E-4
9.723	3.074E-4	7.195E-4
9.740	3.123E-4	7.245E-4
9.757	3.123E-4	7.195E-4
9.774	3.123E-4	7.195E-4
9.791	3.123E-4	7.195E-4
9.807	3.123E-4	7.195E-4
9.824	3.123E-4	7.195E-4
9.841	3.123E-4	7.195E-4
9.858	3.123E-4	6.797E-4
9.875	3.123E-4	6.548E-4
9.892	3.123E-4	6.051E-4
9.909	3.322E-4	5.702E-4
9.925	3.322E-4	5.404E-4
9.942	3.322E-4	5.304E-4
9.959	3.322E-4	5.304E-4
9.976	3.322E-4	5.304E-4
9.993	3.322E-4	5.304E-4
10.010	3.322E-4	5.304E-4
10.026	3.322E-4	5.304E-4
10.043	3.322E-4	5.304E-4
10.060	3.322E-4	5.304E-4
10.077	3.322E-4	5.304E-4
10.094	3.322E-4	5.304E-4
10.111	3.322E-4	5.304E-4
10.128	3.322E-4	5.304E-4
10.144	3.322E-4	5.304E-4
10.161	3.322E-4	5.304E-4
10.178	3.372E-4	5.404E-4
10.195	3.372E-4	5.404E-4
10.212	3.372E-4	5.205E-4
10.229	3.372E-4	5.205E-4
10.246	3.372E-4	4.956E-4
10.262	3.372E-4	4.807E-4
10.279	3.372E-4	4.807E-4
10.296	3.372E-4	4.807E-4
10.313	3.372E-4	4.807E-4
10.330	3.372E-4	4.807E-4
10.347	3.372E-4	4.807E-4
10.364	3.372E-4	4.807E-4
10.380	3.322E-4	4.807E-4
10.397	3.322E-4	4.707E-4
10.414	3.322E-4	4.707E-4
10.431	3.123E-4	2.617E-4
10.448	3.123E-4	1.821E-4
10.465	3.720E-4	4.608E-4
10.481	3.720E-4	4.757E-4
10.498	3.671E-4	3.662E-4
10.515	3.720E-4	3.712E-4
10.532	4.119E-4	4.807E-4
10.549	3.521E-4	3.214E-4
10.566	3.820E-4	4.309E-4
10.583	3.770E-4	5.155E-4
10.599	3.472E-4	4.409E-4
10.616	3.123E-4	3.413E-4
10.633	3.223E-4	3.662E-4
10.650	3.322E-4	3.861E-4
10.667	3.322E-4	3.861E-4
10.684	3.322E-4	3.861E-4
10.701	3.322E-4	3.861E-4
10.717	3.322E-4	3.861E-4
10.734	3.322E-4	3.861E-4
10.751	3.322E-4	3.861E-4
10.768	3.322E-4	3.861E-4
10.785	3.322E-4	3.861E-4
10.802	3.322E-4	3.861E-4
10.818	3.322E-4	3.861E-4
10.835	3.322E-4	3.861E-4
10.852	3.322E-4	3.861E-4
10.869	3.322E-4	3.861E-4
10.886	3.322E-4	3.861E-4
10.903	3.322E-4	3.861E-4
10.920	3.322E-4	3.861E-4
10.936	3.322E-4	3.861E-4
10.953	3.322E-4	3.861E-4
10.970	3.322E-4	3.861E-4
10.987	3.322E-4	3.861E-4
11.004	3.322E-4	3.861E-4
11.021	3.322E-4	3.861E-4
11.038	3.322E-4	3.861E-4
11.054	3.322E-4	3.861E-4
11.071	3.322E-4	3.861E-4
11.088	3.322E-4	4.210E-4
11.105	1.481E-4	1.075E-4
11.122	1.879E-4	2.319E-4
11.139	3.322E-4	3.214E-4
11.156	2.875E-4	2.219E-4
11.172	1.730E-4	3.781E-5
11.189	3.024E-4	2.418E-4
11.206	3.720E-4	5.205E-4
11.223	2.725E-4	2.767E-4
11.240	2.825E-4	4.807E-4
11.257	4.268E-4	9.783E-4
11.273	2.626E-4	3.214E-4
11.290	3.024E-4	-2.191E-5
11.307	4.566E-4	7.941E-4
11.324	5.114E-4	8.190E-4
11.341	3.123E-4	-2.002E-6
11.358	3.372E-4	5.273E-5
11.375	3.920E-4	9.185E-4
11.391	4.168E-4	8.787E-4
11.408	2.029E-4	-7.664E-5
11.425	5.412E-4	6.946E-4
11.442	3.969E-4	8.489E-4
11.459	3.920E-4	6.001E-4
11.476	1.481E-4	1.821E-4
11.493	4.019E-4	9.534E-4
11.509	3.521E-4	9.185E-4
11.526	1.581E-4	1.224E-4
11.543	2.029E-4	2.418E-4
11.560	3.322E-4	8.986E-4
11.577	3.074E-4	1.622E-4
11.594	2.327E-4	-2.688E-5
11.610	2.626E-4	1.523E-4
11.627	2.924E-4	7.494E-4
11.644	3.123E-4	6.847E-4
11.661	2.228E-4	3.762E-4
11.678	3.024E-4	5.802E-4
11.695	3.024E-4	5.802E-4
11.712	3.024E-4	5.802E-4
11.728	2.526E-4	3.015E-4
11.745	2.924E-4	4.558E-4
11.762	3.074E-4	4.807E-4
11.779	3.024E-4	4.657E-4
11.796	2.676E-4	3.811E-4
11.813	2.725E-4	3.961E-4
11.830	2.725E-4	3.961E-4
11.846	2.725E-4	3.961E-4
11.863	2.725E-4	3.961E-4
11.880	2.725E-4	3.961E-4
11.897	2.725E-4	3.961E-4
11.914	2.725E-4	3.961E-4
11.931	2.725E-4	3.961E-4
11.948	2.725E-4	3.961E-4
11.964	2.327E-4	2.219E-4
11.981	3.472E-4	6.399E-4
11.998	2.924E-4	4.807E-4
12.015	2.029E-4	1.871E-4
12.032	4.168E-4	3.065E-4
12.049	4.765E-4	7.295E-4
12.065	3.472E-4	2.916E-4
12.082	2.427E-4	-9.157E-5
12.099	4.467E-4	3.712E-4
12.116	5.313E-4	7.046E-4
12.133	3.870E-4	3.364E-4
12.150	3.671E-4	8.259E-5
12.167	4.716E-4	5.404E-4
12.183	5.014E-4	7.792E-4
12.200	3.422E-4	2.567E-4
12.217	3.223E-4	8.259E-5
12.234	3.920E-4	4.010E-4
12.251	3.920E-4	3.612E-4
12.268	3.123E-4	2.974E-6
12.285	3.372E-4	-1.911E-4
12.301	5.213E-4	2.020E-4
12.318	5.761E-4	3.165E-4
12.335	4.815E-4	1.025E-4
12.352	5.213E-4	3.065E-4
12.369	5.661E-4	5.454E-4
12.386	4.019E-4	-1.712E-4
12.402	4.069E-4	-4.548E-4
12.419	3.301E-4	-6.382E-4
12.436	3.217E-4	-6.800E-4
12.453	4.466E-4	-1.664E-3
12.470	-6.488E-4	-4.315E-3
12.487	-2.860E-3	-9.590E-3
