	mass A		
t	x	y	
0.000	1.670E-5	1.518E-6
0.306	-1.786E-4	4.925E-5
0.612	-3.495E-4	7.040E-5
0.917	-3.252E-4	3.995E-5
1.223	-3.544E-4	-3.478E-5
1.529	-3.634E-4	-3.874E-5
1.835	-5.385E-4	5.433E-5
2.141	-6.227E-4	-7.347E-6
2.446	-6.244E-4	4.433E-5
2.752	-7.057E-4	8.334E-5
3.058	-6.263E-4	5.906E-5
3.364	-8.628E-4	9.923E-5
3.670	-9.029E-4	1.246E-4
3.976	-7.547E-4	-6.003E-7
4.281	-8.637E-4	-1.738E-5
4.587	-9.286E-4	-2.497E-5
4.893	-1.252E-3	5.197E-5
5.199	-1.261E-3	5.545E-5
5.505	-1.200E-3	-3.404E-5
5.810	-1.129E-3	-7.849E-6
6.116	-1.236E-3	1.847E-5
6.422	-1.451E-3	9.281E-5
6.728	-1.585E-3	1.076E-4
7.034	-1.607E-3	3.245E-5
7.339	-1.678E-3	6.715E-5
7.645	-1.672E-3	6.386E-5
7.951	-1.781E-3	4.541E-6
8.257	-1.639E-3	-5.131E-5
8.563	-1.906E-3	1.739E-5
8.869	-2.131E-3	9.002E-5
9.174	-2.144E-3	8.545E-6
9.480	-2.386E-3	5.548E-5
9.786	-2.388E-3	5.841E-5
10.092	-2.541E-3	1.230E-5
10.398	-2.654E-3	3.179E-5
10.703	-2.572E-3	4.493E-5
11.009	-3.004E-3	9.234E-5
11.315	-2.927E-3	1.231E-4
11.621	-2.948E-3	2.973E-5
11.927	-2.790E-3	-5.288E-5
12.232	-3.011E-3	6.227E-6
12.538	-3.265E-3	-3.312E-5
12.844	-3.360E-3	-2.491E-6
13.150	-3.424E-3	1.034E-4
13.456	-3.471E-3	8.675E-5
13.761	-3.657E-3	6.707E-5
14.067	-3.860E-3	8.334E-5
14.373	-3.855E-3	8.742E-5
14.679	-3.988E-3	-5.810E-5
14.985	-3.829E-3	-1.036E-5
15.291	-4.001E-3	-3.388E-5
15.596	-3.670E-3	-1.513E-5
15.902	-3.779E-3	7.501E-6
16.208	-3.411E-3	-3.935E-5
16.514	-3.588E-3	6.160E-5
16.820	-3.364E-3	5.772E-5
17.125	-3.314E-3	7.158E-5
17.431	-3.298E-3	1.204E-4
17.737	-3.306E-3	6.773E-5
18.043	-3.214E-3	1.080E-4
18.349	-3.085E-3	1.196E-4
18.654	-3.071E-3	1.336E-4
18.960	-3.028E-3	1.677E-4
19.266	-3.030E-3	1.652E-4
19.572	-3.266E-3	2.225E-4
19.878	-2.979E-3	1.630E-4
20.183	-2.951E-3	2.121E-4
20.489	-2.778E-3	1.599E-4
20.795	-2.759E-3	1.544E-4
21.101	-2.575E-3	1.116E-4
21.407	-2.453E-3	1.406E-4
21.713	-2.461E-3	1.188E-4
22.018	-2.459E-3	1.221E-4
22.324	-2.409E-3	1.424E-4
22.630	-2.335E-3	2.205E-4
22.936	-2.320E-3	2.047E-4
23.242	-2.127E-3	1.884E-4
23.547	-2.131E-3	2.335E-4
23.853	-2.000E-3	1.583E-4
24.159	-1.991E-3	2.097E-4
24.465	-1.927E-3	1.744E-4
24.771	-1.775E-3	1.258E-4
25.076	-1.756E-3	9.603E-5
25.382	-1.644E-3	9.341E-5
25.688	-1.363E-3	5.098E-5
25.994	-1.177E-3	-1.055E-5
26.300	-1.180E-3	-6.566E-6
26.606	-1.131E-3	1.818E-5
26.911	-9.033E-4	8.183E-6
27.217	-7.643E-4	-1.645E-5
27.523	-7.243E-4	-5.091E-6
27.829	-6.816E-4	5.278E-5
28.135	-6.027E-4	-3.276E-6
28.440	-7.064E-4	6.955E-5
28.746	-5.679E-4	5.047E-5
29.052	-4.959E-4	5.958E-5
29.358	-4.937E-4	6.108E-5
29.664	-3.910E-4	-8.327E-6
29.969	-2.508E-4	2.586E-6
30.275	-2.741E-4	-9.356E-6
30.581	-1.259E-4	1.716E-5
30.887	-1.724E-4	3.648E-5
31.193	-1.232E-4	-4.216E-6
31.498	-1.168E-4	1.393E-5
31.804	1.487E-4	-3.002E-5
32.110	2.708E-4	-7.473E-5
32.416	4.493E-4	-1.158E-4
32.722	4.086E-4	-1.248E-4
33.028	4.169E-4	-1.086E-4
33.333	2.093E-4	-5.345E-5
33.639	7.148E-4	-1.522E-4
33.945	7.295E-4	-1.361E-4
34.251	9.803E-4	-1.858E-4
34.557	7.710E-4	-1.490E-4
34.862	4.842E-4	-1.224E-4
35.168	1.001E-3	-2.126E-4
35.474	1.104E-3	-2.269E-4
35.780	9.997E-4	-2.200E-4
36.086	1.150E-3	-1.880E-4
36.391	1.188E-3	-1.884E-4
36.697	1.154E-3	-1.103E-4
37.003	1.460E-3	-1.358E-4
37.309	1.283E-3	-1.474E-4
37.615	1.283E-3	-1.510E-4
37.920	1.511E-3	-2.212E-4
38.226	1.685E-3	-2.695E-4
38.532	1.708E-3	-2.732E-4
38.838	1.703E-3	-1.780E-4
39.144	1.731E-3	-1.986E-4
39.450	1.696E-3	-2.875E-4
39.755	1.839E-3	-2.939E-4
40.061	1.953E-3	-2.093E-4
40.367	1.938E-3	-2.094E-4
40.673	1.974E-3	-2.347E-4
40.979	2.007E-3	-2.741E-4
41.284	2.498E-3	-2.762E-4
41.590	2.506E-3	-2.950E-4
41.896	2.398E-3	-3.083E-4
42.202	2.354E-3	-3.003E-4
42.508	2.540E-3	-2.802E-4
42.813	2.993E-3	-2.638E-4
43.119	2.680E-3	-3.316E-4
43.425	2.673E-3	-3.218E-4
43.731	2.940E-3	-3.062E-4
44.037	3.148E-3	-4.064E-4
44.343	3.149E-3	-4.076E-4
44.648	3.236E-3	-4.166E-4
44.954	3.509E-3	-3.169E-4
45.260	3.522E-3	-2.971E-4
45.566	3.504E-3	-3.660E-4
45.872	3.503E-3	-3.708E-4
46.177	3.258E-3	-3.125E-4
46.483	3.099E-3	-2.795E-4
46.789	3.203E-3	-3.740E-4
47.095	2.821E-3	-1.652E-4
47.401	2.819E-3	-2.083E-4
47.706	2.801E-3	-1.838E-4
48.012	2.767E-3	-2.521E-4
48.318	3.142E-3	-4.030E-4
48.624	2.977E-3	-3.886E-4
48.930	2.708E-3	-3.209E-4
49.235	2.590E-3	-3.451E-4
49.541	2.400E-3	-3.158E-4
49.847	2.368E-3	-3.260E-4
50.153	2.422E-3	-3.515E-4
50.459	2.269E-3	-3.416E-4
50.765	2.232E-3	-3.434E-4
51.070	2.186E-3	-3.098E-4
51.376	2.072E-3	-2.866E-4
51.682	2.070E-3	-3.050E-4
51.988	1.931E-3	-2.702E-4
52.294	1.973E-3	-2.797E-4
52.599	1.792E-3	-2.677E-4
52.905	1.721E-3	-2.551E-4
53.211	1.501E-3	-2.152E-4
53.517	1.503E-3	-2.023E-4
53.823	1.481E-3	-1.842E-4
54.128	1.406E-3	-1.848E-4
54.434	1.370E-3	-2.060E-4
54.740	1.202E-3	-1.957E-4
55.046	1.151E-3	-1.986E-4
55.352	1.131E-3	-2.428E-4
55.657	1.129E-3	-2.458E-4
55.963	1.099E-3	-2.608E-4
56.269	9.410E-4	-2.224E-4
56.575	7.544E-4	-1.993E-4
56.881	6.743E-4	-1.567E-4
57.187	8.518E-4	-1.655E-4
57.492	9.886E-4	-1.830E-4
57.798	8.515E-4	-1.593E-4
58.104	7.596E-4	-1.313E-4
58.410	5.066E-4	-1.172E-4
58.716	2.258E-4	-1.127E-5
59.021	2.304E-4	-7.072E-6
59.327	-2.568E-5	4.072E-5
59.633	8.199E-5	3.283E-5
59.939	8.131E-5	3.286E-5
60.245	-7.370E-5	9.343E-5
60.550	-1.885E-4	5.677E-5
60.856	-1.829E-4	5.950E-5
61.162	-2.877E-4	2.782E-5
61.468	-3.625E-4	5.318E-5
61.774	-3.292E-4	4.516E-5
62.080	-2.994E-4	6.812E-5
62.385	-4.497E-4	4.803E-5
62.691	-5.344E-4	5.679E-5
62.997	-6.322E-4	5.307E-5
63.303	-6.265E-4	5.689E-5
63.609	-7.373E-4	9.851E-5
63.914	-6.141E-4	3.373E-5
64.220	-7.276E-4	5.600E-5
64.526	-7.319E-4	3.385E-5
64.832	-8.149E-4	4.457E-5
65.138	-1.012E-3	1.391E-4
65.443	-1.226E-3	1.287E-4
65.749	-1.295E-3	1.266E-4
66.055	-1.299E-3	1.097E-4
66.361	-1.606E-3	2.514E-4
66.667	-1.320E-3	1.469E-4
66.972	-1.513E-3	1.190E-4
67.278	-1.549E-3	1.364E-4
67.584	-2.022E-3	1.757E-4
67.890	-1.889E-3	1.194E-4
68.196	-2.055E-3	1.571E-4
68.502	-1.993E-3	1.255E-4
68.807	-2.009E-3	9.360E-5
69.113	-2.009E-3	3.702E-5
69.419	-2.327E-3	8.861E-5
69.725	-2.487E-3	1.021E-4
70.031	-2.487E-3	1.001E-4
70.336	-2.821E-3	1.217E-4
70.642	-2.849E-3	1.484E-4
70.948	-2.801E-3	8.142E-5
71.254	-2.686E-3	7.073E-5
71.560	-2.997E-3	5.027E-5
71.865	-3.233E-3	1.095E-4
72.171	-3.191E-3	1.270E-4
72.477	-3.198E-3	1.233E-4
72.783	-3.022E-3	9.607E-5
73.089	-3.168E-3	1.047E-5
73.394	-3.337E-3	7.140E-5
73.700	-3.474E-3	6.664E-5
74.006	-3.797E-3	1.950E-4
74.312	-3.424E-3	3.792E-5
74.618	-3.584E-3	-4.728E-5
74.924	-3.934E-3	1.164E-4
75.229	-5.173E-3	4.007E-4
75.535	-3.899E-3	-1.195E-5
