	mass A		
t	x	y	
0.000	-2.825E-5	-1.118E-4
0.017	-6.261E-5	-1.003E-4
0.034	-5.116E-5	2.733E-6
0.051	-7.407E-5	2.733E-6
0.067	-7.407E-5	2.733E-6
0.084	-7.407E-5	4.855E-5
0.101	-1.428E-4	8.291E-5
0.118	-1.428E-4	8.291E-5
0.135	-1.428E-4	8.291E-5
0.152	-1.428E-4	8.291E-5
0.168	-1.428E-4	8.291E-5
0.185	-1.428E-4	8.291E-5
0.202	-1.428E-4	8.291E-5
0.219	-1.428E-4	8.291E-5
0.236	-1.428E-4	8.291E-5
0.253	-1.428E-4	8.291E-5
0.269	-1.313E-4	8.291E-5
0.286	-1.313E-4	8.291E-5
0.303	-1.313E-4	8.291E-5
0.320	-7.407E-5	8.291E-5
0.337	-2.825E-5	8.291E-5
0.354	-2.825E-5	8.291E-5
0.370	-2.825E-5	8.291E-5
0.387	-2.825E-5	8.291E-5
0.404	-2.825E-5	8.291E-5
0.421	-2.825E-5	8.291E-5
0.438	-1.084E-4	1.402E-4
0.455	-1.084E-4	1.402E-4
0.471	-1.084E-4	9.436E-5
0.488	-1.084E-4	9.436E-5
0.505	-1.084E-4	9.436E-5
0.522	-1.199E-4	7.145E-5
0.539	-1.199E-4	3.709E-5
0.556	-1.084E-4	2.733E-6
0.572	-1.084E-4	-8.721E-6
0.589	-1.084E-4	-8.721E-6
0.606	-1.084E-4	-8.721E-6
0.623	-8.552E-5	-8.721E-6
0.640	-6.261E-5	3.709E-5
0.657	-2.825E-5	1.287E-4
0.674	-2.825E-5	1.974E-4
0.690	-7.407E-5	1.745E-4
0.707	-7.407E-5	9.436E-5
0.724	-7.407E-5	4.855E-5
0.741	-7.407E-5	3.709E-5
0.758	-6.261E-5	3.709E-5
0.775	-6.261E-5	3.709E-5
0.791	-6.261E-5	3.709E-5
0.808	-6.261E-5	6.000E-5
0.825	-6.261E-5	6.000E-5
0.842	-2.825E-5	1.173E-4
0.859	-1.680E-5	1.516E-4
0.876	7.483E-5	1.516E-4
0.892	8.628E-5	9.436E-5
0.909	7.483E-5	4.855E-5
0.926	7.483E-5	4.855E-5
0.943	7.483E-5	4.855E-5
0.960	1.092E-4	9.436E-5
0.977	1.092E-4	9.436E-5
0.993	1.550E-4	1.631E-4
1.010	1.665E-4	2.089E-4
1.027	1.665E-4	2.089E-4
1.044	1.779E-4	2.089E-4
1.061	2.123E-4	2.433E-4
1.078	2.352E-4	2.776E-4
1.094	2.352E-4	2.776E-4
1.111	2.466E-4	2.891E-4
1.128	2.695E-4	3.807E-4
1.145	2.695E-4	4.265E-4
1.162	2.810E-4	4.494E-4
1.179	3.154E-4	5.181E-4
1.195	3.497E-4	5.983E-4
1.212	3.841E-4	7.358E-4
1.229	4.070E-4	8.159E-4
1.246	4.070E-4	8.617E-4
1.263	4.184E-4	8.961E-4
1.280	3.726E-4	8.503E-4
1.297	3.612E-4	7.930E-4
1.313	3.726E-4	7.930E-4
1.330	3.726E-4	7.472E-4
1.347	3.955E-4	8.159E-4
1.364	3.841E-4	8.961E-4
1.381	3.726E-4	9.190E-4
1.398	3.726E-4	8.732E-4
1.414	3.383E-4	8.388E-4
1.431	3.383E-4	8.388E-4
1.448	3.383E-4	8.388E-4
1.465	3.383E-4	8.388E-4
1.482	3.154E-4	8.732E-4
1.499	2.352E-4	1.011E-3
1.515	2.008E-4	9.763E-4
1.532	2.008E-4	8.961E-4
1.549	1.894E-4	8.617E-4
1.566	1.665E-4	9.076E-4
1.583	1.665E-4	9.076E-4
1.600	1.665E-4	9.076E-4
1.616	1.321E-4	9.534E-4
1.633	1.092E-4	1.022E-3
1.650	1.092E-4	9.534E-4
1.667	1.436E-4	8.732E-4
1.684	2.008E-4	8.159E-4
1.701	2.008E-4	7.816E-4
1.717	2.008E-4	7.816E-4
1.734	2.008E-4	7.816E-4
1.751	1.894E-4	8.617E-4
1.768	1.894E-4	9.076E-4
1.785	1.894E-4	9.076E-4
1.802	1.894E-4	9.076E-4
1.818	2.008E-4	8.847E-4
1.835	2.123E-4	8.617E-4
1.852	2.123E-4	8.617E-4
1.869	2.123E-4	8.617E-4
1.886	2.123E-4	8.617E-4
1.903	2.123E-4	8.617E-4
1.920	2.123E-4	8.617E-4
1.936	2.695E-4	8.961E-4
1.953	2.695E-4	8.961E-4
1.970	2.924E-4	9.305E-4
1.987	2.924E-4	8.961E-4
2.004	2.924E-4	8.617E-4
2.021	2.924E-4	8.159E-4
2.037	2.924E-4	8.159E-4
2.054	2.810E-4	7.587E-4
2.071	2.466E-4	7.243E-4
2.088	2.466E-4	7.243E-4
2.105	2.466E-4	7.243E-4
2.122	2.466E-4	7.243E-4
2.138	2.466E-4	7.129E-4
2.155	2.466E-4	6.785E-4
2.172	2.466E-4	6.327E-4
2.189	2.466E-4	6.327E-4
2.206	2.695E-4	7.243E-4
2.223	2.695E-4	7.701E-4
2.239	2.695E-4	8.159E-4
2.256	2.695E-4	9.190E-4
2.273	2.695E-4	9.763E-4
2.290	2.810E-4	9.877E-4
2.307	2.352E-4	9.534E-4
2.324	2.237E-4	8.961E-4
2.340	2.352E-4	8.732E-4
2.357	2.466E-4	8.732E-4
2.374	2.695E-4	8.732E-4
2.391	2.695E-4	8.847E-4
2.408	2.695E-4	8.961E-4
2.425	2.695E-4	8.961E-4
2.441	2.695E-4	8.961E-4
2.458	2.695E-4	8.732E-4
2.475	2.695E-4	8.617E-4
2.492	2.695E-4	8.274E-4
2.509	2.695E-4	8.274E-4
2.526	2.924E-4	8.732E-4
2.543	3.154E-4	9.534E-4
2.559	3.383E-4	9.534E-4
2.576	3.383E-4	9.534E-4
2.593	3.383E-4	9.419E-4
2.610	3.268E-4	9.419E-4
2.627	3.039E-4	9.305E-4
2.644	3.039E-4	9.305E-4
2.660	3.039E-4	9.305E-4
2.677	3.039E-4	9.190E-4
2.694	3.154E-4	9.076E-4
2.711	3.383E-4	8.961E-4
2.728	3.383E-4	8.961E-4
2.745	3.383E-4	9.419E-4
2.761	3.612E-4	9.763E-4
2.778	3.612E-4	1.045E-3
2.795	3.268E-4	1.045E-3
2.812	3.497E-4	1.091E-3
2.829	3.497E-4	1.160E-3
2.846	3.497E-4	1.228E-3
2.862	3.612E-4	1.286E-3
2.879	3.612E-4	1.286E-3
2.896	3.497E-4	1.286E-3
2.913	3.383E-4	1.286E-3
2.930	3.383E-4	1.286E-3
2.947	2.924E-4	1.286E-3
2.963	2.466E-4	1.263E-3
2.980	2.237E-4	1.228E-3
2.997	2.123E-4	1.182E-3
3.014	2.008E-4	1.137E-3
3.031	2.008E-4	1.091E-3
3.048	2.008E-4	1.045E-3
3.064	2.008E-4	1.045E-3
3.081	1.894E-4	9.763E-4
3.098	1.779E-4	9.648E-4
3.115	1.550E-4	9.419E-4
3.132	1.206E-4	9.076E-4
3.149	1.092E-4	8.617E-4
3.166	1.092E-4	8.503E-4
3.182	1.092E-4	8.159E-4
3.199	9.774E-5	7.587E-4
3.216	1.092E-4	7.014E-4
3.233	1.321E-4	6.327E-4
3.250	1.321E-4	6.098E-4
3.267	1.206E-4	5.983E-4
3.283	1.321E-4	5.640E-4
3.300	1.321E-4	5.640E-4
3.317	1.321E-4	5.640E-4
3.334	1.321E-4	5.640E-4
3.351	1.321E-4	5.640E-4
3.368	1.321E-4	5.640E-4
3.384	1.321E-4	5.640E-4
3.401	1.321E-4	5.640E-4
3.418	1.321E-4	5.640E-4
3.435	1.321E-4	5.640E-4
3.452	1.321E-4	5.640E-4
3.469	1.321E-4	5.640E-4
3.485	1.321E-4	5.640E-4
3.502	1.550E-4	5.754E-4
3.519	1.550E-4	5.869E-4
3.536	1.550E-4	5.869E-4
3.553	1.550E-4	5.869E-4
3.570	1.779E-4	5.983E-4
3.586	2.008E-4	6.098E-4
3.603	2.008E-4	6.327E-4
3.620	2.237E-4	6.670E-4
3.637	2.352E-4	6.899E-4
3.654	2.352E-4	6.899E-4
3.671	2.352E-4	6.899E-4
3.688	2.352E-4	6.899E-4
3.704	2.008E-4	6.670E-4
3.721	2.008E-4	6.327E-4
3.738	2.123E-4	6.327E-4
3.755	2.466E-4	6.327E-4
3.772	2.466E-4	6.098E-4
3.789	2.466E-4	5.869E-4
3.805	2.466E-4	5.869E-4
3.822	2.466E-4	5.754E-4
3.839	2.466E-4	5.410E-4
3.856	2.352E-4	4.952E-4
3.873	2.352E-4	4.952E-4
3.890	2.352E-4	4.952E-4
3.906	2.352E-4	4.952E-4
3.923	2.352E-4	4.952E-4
3.940	2.352E-4	4.952E-4
3.957	2.581E-4	4.952E-4
3.974	2.924E-4	5.640E-4
3.991	3.154E-4	6.212E-4
4.007	3.154E-4	6.327E-4
4.024	3.154E-4	6.327E-4
4.041	3.154E-4	6.327E-4
4.058	3.154E-4	6.327E-4
4.075	3.154E-4	6.327E-4
4.092	2.924E-4	6.098E-4
4.108	2.924E-4	6.098E-4
4.125	2.810E-4	5.869E-4
4.142	2.810E-4	5.869E-4
4.159	2.810E-4	5.869E-4
4.176	2.810E-4	5.869E-4
4.193	2.810E-4	6.556E-4
4.209	2.810E-4	7.243E-4
4.226	2.810E-4	7.472E-4
4.243	2.810E-4	7.701E-4
4.260	2.695E-4	7.701E-4
4.277	2.924E-4	8.159E-4
4.294	2.924E-4	8.274E-4
4.311	2.924E-4	9.076E-4
4.327	2.924E-4	9.419E-4
4.344	3.039E-4	9.534E-4
4.361	3.154E-4	9.534E-4
4.378	3.154E-4	9.190E-4
4.395	3.154E-4	8.961E-4
4.412	3.383E-4	8.732E-4
4.428	3.383E-4	8.732E-4
4.445	3.383E-4	8.617E-4
4.462	3.383E-4	8.274E-4
4.479	3.383E-4	8.045E-4
4.496	3.497E-4	7.816E-4
4.513	3.497E-4	7.816E-4
4.529	3.497E-4	7.816E-4
4.546	3.497E-4	7.701E-4
4.563	3.497E-4	7.701E-4
4.580	3.497E-4	7.587E-4
4.597	3.497E-4	7.358E-4
4.614	3.497E-4	7.129E-4
4.630	3.497E-4	6.899E-4
4.647	3.497E-4	6.785E-4
4.664	3.612E-4	6.785E-4
4.681	3.612E-4	6.785E-4
4.698	3.612E-4	6.785E-4
4.715	3.612E-4	6.785E-4
4.731	3.612E-4	6.785E-4
4.748	3.612E-4	6.785E-4
4.765	3.612E-4	6.785E-4
4.782	3.726E-4	6.785E-4
4.799	3.841E-4	6.785E-4
4.816	3.955E-4	7.243E-4
4.832	3.955E-4	7.587E-4
4.849	4.070E-4	7.930E-4
4.866	4.070E-4	8.159E-4
4.883	4.070E-4	8.159E-4
4.900	4.070E-4	8.732E-4
4.917	4.070E-4	9.076E-4
4.934	4.070E-4	9.305E-4
4.950	4.070E-4	9.305E-4
4.967	4.070E-4	9.305E-4
4.984	4.070E-4	9.305E-4
5.001	4.070E-4	9.305E-4
5.018	4.070E-4	9.305E-4
5.035	4.070E-4	9.305E-4
5.051	3.841E-4	9.763E-4
5.068	3.841E-4	9.992E-4
5.085	3.726E-4	1.022E-3
5.102	3.726E-4	1.056E-3
5.119	3.612E-4	1.068E-3
5.136	3.612E-4	1.068E-3
5.152	3.612E-4	1.079E-3
5.169	3.612E-4	1.091E-3
5.186	3.612E-4	1.102E-3
5.203	3.612E-4	1.102E-3
5.220	3.612E-4	1.102E-3
5.237	3.612E-4	1.102E-3
5.253	3.612E-4	1.102E-3
5.270	3.612E-4	1.102E-3
5.287	3.612E-4	1.102E-3
5.304	3.612E-4	1.102E-3
5.321	3.612E-4	1.102E-3
5.338	3.612E-4	1.102E-3
5.354	3.612E-4	1.102E-3
5.371	3.841E-4	1.045E-3
5.388	4.070E-4	9.992E-4
5.405	4.070E-4	9.992E-4
5.422	3.955E-4	1.045E-3
5.439	3.955E-4	1.114E-3
5.455	3.955E-4	1.137E-3
5.472	3.612E-4	1.137E-3
5.489	3.612E-4	1.125E-3
5.506	3.612E-4	1.114E-3
5.523	3.612E-4	1.114E-3
5.540	3.612E-4	1.091E-3
5.557	3.383E-4	1.056E-3
5.573	3.497E-4	9.992E-4
5.590	3.497E-4	9.534E-4
5.607	3.726E-4	8.847E-4
5.624	3.726E-4	8.274E-4
5.641	3.726E-4	7.930E-4
5.658	3.612E-4	7.701E-4
5.674	3.612E-4	7.472E-4
5.691	3.612E-4	7.358E-4
5.708	3.612E-4	7.358E-4
5.725	3.612E-4	7.129E-4
5.742	3.612E-4	7.129E-4
5.759	3.612E-4	7.129E-4
5.775	3.612E-4	6.785E-4
5.792	3.497E-4	6.441E-4
5.809	3.383E-4	5.983E-4
5.826	3.383E-4	5.410E-4
5.843	3.383E-4	4.609E-4
5.860	3.383E-4	4.036E-4
5.876	3.383E-4	4.036E-4
5.893	3.383E-4	4.036E-4
5.910	3.497E-4	4.494E-4
5.927	3.497E-4	4.723E-4
5.944	3.497E-4	5.067E-4
5.961	3.497E-4	5.067E-4
5.977	3.497E-4	5.525E-4
5.994	3.383E-4	5.525E-4
6.011	3.383E-4	6.098E-4
6.028	3.268E-4	6.098E-4
6.045	2.924E-4	5.410E-4
6.062	2.924E-4	4.952E-4
6.078	2.924E-4	4.494E-4
6.095	2.924E-4	4.494E-4
6.112	3.154E-4	4.723E-4
6.129	3.154E-4	4.952E-4
6.146	3.268E-4	5.181E-4
6.163	3.383E-4	5.640E-4
6.180	3.383E-4	6.098E-4
6.196	3.383E-4	6.899E-4
6.213	3.497E-4	7.358E-4
6.230	3.497E-4	7.358E-4
6.247	3.497E-4	6.785E-4
6.264	3.039E-4	5.525E-4
6.281	2.810E-4	5.067E-4
6.297	2.810E-4	5.067E-4
6.314	2.810E-4	4.609E-4
6.331	2.466E-4	4.265E-4
6.348	2.466E-4	4.494E-4
6.365	3.383E-4	4.952E-4
6.382	3.497E-4	5.296E-4
6.398	3.497E-4	5.296E-4
6.415	3.841E-4	5.296E-4
6.432	4.070E-4	5.296E-4
6.449	4.070E-4	5.067E-4
6.466	4.070E-4	4.609E-4
6.483	4.528E-4	5.754E-4
6.499	4.757E-4	7.014E-4
6.516	4.757E-4	7.701E-4
6.533	4.757E-4	8.617E-4
6.550	4.643E-4	7.243E-4
6.567	4.643E-4	6.899E-4
6.584	4.643E-4	6.785E-4
6.600	4.643E-4	6.327E-4
6.617	4.643E-4	6.098E-4
6.634	4.643E-4	5.869E-4
6.651	4.643E-4	5.410E-4
6.668	4.643E-4	5.296E-4
6.685	4.643E-4	4.952E-4
6.701	4.643E-4	4.723E-4
6.718	4.643E-4	6.212E-4
6.735	4.643E-4	6.212E-4
6.752	4.643E-4	5.983E-4
6.769	4.643E-4	5.640E-4
6.786	4.643E-4	5.525E-4
6.803	4.757E-4	5.525E-4
6.819	4.872E-4	6.670E-4
6.836	4.986E-4	7.701E-4
6.853	5.215E-4	8.847E-4
6.870	5.215E-4	9.305E-4
6.887	5.215E-4	9.648E-4
6.904	5.215E-4	1.022E-3
6.920	5.215E-4	1.045E-3
6.937	4.757E-4	9.534E-4
6.954	4.643E-4	9.076E-4
6.971	4.528E-4	8.847E-4
6.988	4.528E-4	8.732E-4
7.005	4.528E-4	8.961E-4
7.021	4.528E-4	8.961E-4
7.038	4.299E-4	8.274E-4
7.055	4.299E-4	7.701E-4
7.072	4.299E-4	7.587E-4
7.089	4.299E-4	7.243E-4
7.106	4.184E-4	7.014E-4
7.122	4.184E-4	6.785E-4
7.139	4.070E-4	6.556E-4
7.156	3.955E-4	6.441E-4
7.173	3.955E-4	6.441E-4
7.190	4.070E-4	7.243E-4
7.207	4.070E-4	7.243E-4
7.223	3.841E-4	6.899E-4
7.240	3.841E-4	6.441E-4
7.257	3.726E-4	6.212E-4
7.274	3.497E-4	5.869E-4
7.291	3.383E-4	5.410E-4
7.308	3.383E-4	5.181E-4
7.324	3.383E-4	5.067E-4
7.341	3.383E-4	4.952E-4
7.358	3.383E-4	4.952E-4
7.375	3.383E-4	4.952E-4
7.392	3.383E-4	4.952E-4
7.409	3.383E-4	4.838E-4
7.426	3.726E-4	4.609E-4
7.442	3.841E-4	4.723E-4
7.459	4.070E-4	5.525E-4
7.476	4.184E-4	5.869E-4
7.493	4.299E-4	5.869E-4
7.510	4.299E-4	5.869E-4
7.527	4.299E-4	5.869E-4
7.543	4.299E-4	5.869E-4
7.560	4.299E-4	5.869E-4
7.577	4.299E-4	5.869E-4
7.594	4.757E-4	6.441E-4
7.611	5.215E-4	7.014E-4
7.628	5.215E-4	7.243E-4
7.644	5.330E-4	7.701E-4
7.661	5.444E-4	8.159E-4
7.678	5.673E-4	8.847E-4
7.695	5.673E-4	8.847E-4
7.712	5.673E-4	8.847E-4
7.729	5.673E-4	8.961E-4
7.745	5.444E-4	7.816E-4
7.762	5.215E-4	7.358E-4
7.779	5.215E-4	7.129E-4
7.796	4.986E-4	6.670E-4
7.813	4.986E-4	6.556E-4
7.830	4.986E-4	6.556E-4
7.846	4.986E-4	6.556E-4
7.863	5.101E-4	6.327E-4
7.880	5.101E-4	5.640E-4
7.897	4.986E-4	4.494E-4
7.914	4.986E-4	4.494E-4
7.931	4.986E-4	4.494E-4
7.947	4.986E-4	4.494E-4
7.964	4.986E-4	4.494E-4
7.981	4.986E-4	4.952E-4
7.998	5.101E-4	5.067E-4
8.015	5.101E-4	5.410E-4
8.032	5.101E-4	5.983E-4
8.049	5.101E-4	6.441E-4
8.065	4.986E-4	6.785E-4
8.082	4.986E-4	6.899E-4
8.099	4.986E-4	6.441E-4
8.116	4.986E-4	6.098E-4
8.133	4.986E-4	5.983E-4
8.150	4.986E-4	6.212E-4
8.166	4.986E-4	6.212E-4
8.183	4.986E-4	6.212E-4
8.200	4.986E-4	6.212E-4
8.217	4.986E-4	6.212E-4
8.234	4.986E-4	6.212E-4
8.251	4.986E-4	6.212E-4
8.267	4.986E-4	6.212E-4
8.284	4.757E-4	5.983E-4
8.301	4.757E-4	5.983E-4
8.318	3.955E-4	5.869E-4
8.335	3.955E-4	5.869E-4
8.352	3.955E-4	5.869E-4
8.368	3.841E-4	5.869E-4
8.385	3.726E-4	5.754E-4
8.402	3.726E-4	5.754E-4
8.419	3.726E-4	6.212E-4
8.436	3.726E-4	6.327E-4
8.453	3.497E-4	6.327E-4
8.469	3.383E-4	6.098E-4
8.486	3.383E-4	6.327E-4
8.503	3.383E-4	6.441E-4
8.520	3.612E-4	6.899E-4
8.537	3.612E-4	7.129E-4
8.554	3.841E-4	7.816E-4
8.570	3.841E-4	7.816E-4
8.587	3.841E-4	7.816E-4
8.604	3.841E-4	7.816E-4
8.621	3.841E-4	7.816E-4
8.638	3.841E-4	8.159E-4
8.655	4.070E-4	9.076E-4
8.672	4.184E-4	9.305E-4
8.688	4.299E-4	9.763E-4
8.705	4.299E-4	1.011E-3
8.722	4.299E-4	1.056E-3
8.739	4.299E-4	1.056E-3
8.756	4.070E-4	1.022E-3
8.773	3.955E-4	9.877E-4
8.789	3.841E-4	9.534E-4
8.806	3.841E-4	9.419E-4
8.823	3.726E-4	9.190E-4
8.840	3.726E-4	9.190E-4
8.857	3.726E-4	9.190E-4
8.874	3.726E-4	9.190E-4
8.890	3.726E-4	9.190E-4
8.907	3.726E-4	9.190E-4
8.924	3.726E-4	9.190E-4
8.941	3.955E-4	9.190E-4
8.958	4.070E-4	9.190E-4
8.975	4.184E-4	8.961E-4
8.991	4.528E-4	8.961E-4
9.008	4.757E-4	8.961E-4
9.025	4.986E-4	8.961E-4
9.042	5.215E-4	8.961E-4
9.059	5.215E-4	8.961E-4
9.076	5.215E-4	8.732E-4
9.092	5.215E-4	8.732E-4
9.109	5.215E-4	8.732E-4
9.126	5.215E-4	8.617E-4
9.143	5.215E-4	8.503E-4
9.160	5.215E-4	8.503E-4
9.177	5.215E-4	8.274E-4
9.193	5.101E-4	8.274E-4
9.210	4.986E-4	8.159E-4
9.227	4.757E-4	7.701E-4
9.244	4.757E-4	7.701E-4
9.261	4.757E-4	7.243E-4
9.278	4.757E-4	6.670E-4
9.295	4.757E-4	6.441E-4
9.311	4.757E-4	6.441E-4
9.328	4.757E-4	6.441E-4
9.345	4.757E-4	6.441E-4
9.362	4.872E-4	6.441E-4
9.379	4.872E-4	6.327E-4
9.396	4.986E-4	6.212E-4
9.412	5.101E-4	6.212E-4
9.429	5.101E-4	5.983E-4
9.446	5.101E-4	5.869E-4
9.463	5.101E-4	5.869E-4
9.480	5.101E-4	5.869E-4
9.497	5.101E-4	5.525E-4
9.513	5.101E-4	5.525E-4
9.530	5.101E-4	5.525E-4
9.547	5.101E-4	5.410E-4
9.564	5.101E-4	5.410E-4
9.581	5.559E-4	5.296E-4
9.598	5.673E-4	5.296E-4
9.614	6.017E-4	5.296E-4
9.631	6.590E-4	5.525E-4
9.648	6.590E-4	5.525E-4
9.665	6.704E-4	5.525E-4
9.682	6.819E-4	5.410E-4
9.699	6.819E-4	5.181E-4
9.715	6.819E-4	5.181E-4
9.732	7.048E-4	5.410E-4
9.749	7.048E-4	6.098E-4
9.766	7.048E-4	6.098E-4
9.783	7.048E-4	6.212E-4
9.800	7.162E-4	6.327E-4
9.817	7.162E-4	7.243E-4
9.833	7.162E-4	7.816E-4
9.850	7.162E-4	7.816E-4
9.867	7.162E-4	8.159E-4
9.884	7.162E-4	8.159E-4
9.901	7.162E-4	7.358E-4
9.918	7.162E-4	7.243E-4
9.934	7.162E-4	6.899E-4
9.951	7.048E-4	6.441E-4
9.968	6.933E-4	6.327E-4
9.985	6.590E-4	6.098E-4
10.002	5.788E-4	5.983E-4
10.019	5.673E-4	5.869E-4
10.035	5.673E-4	5.869E-4
10.052	5.673E-4	5.640E-4
10.069	5.673E-4	5.525E-4
10.086	5.559E-4	5.410E-4
10.103	5.559E-4	5.296E-4
10.120	5.444E-4	5.067E-4
10.136	5.444E-4	4.952E-4
10.153	5.444E-4	4.952E-4
10.170	5.559E-4	4.609E-4
10.187	5.673E-4	4.609E-4
10.204	5.788E-4	4.952E-4
10.221	5.902E-4	5.410E-4
10.237	5.902E-4	5.410E-4
10.254	5.902E-4	5.296E-4
10.271	5.673E-4	5.067E-4
10.288	5.444E-4	5.410E-4
10.305	5.444E-4	5.754E-4
10.322	5.444E-4	5.869E-4
10.338	5.444E-4	5.983E-4
10.355	5.444E-4	5.983E-4
10.372	5.444E-4	5.983E-4
10.389	5.444E-4	5.983E-4
10.406	5.444E-4	6.327E-4
10.423	5.330E-4	5.869E-4
10.440	5.215E-4	5.067E-4
10.456	5.215E-4	4.952E-4
10.473	5.215E-4	4.952E-4
10.490	5.215E-4	4.723E-4
10.507	5.215E-4	4.494E-4
10.524	5.215E-4	4.494E-4
10.541	5.215E-4	4.380E-4
10.557	5.215E-4	4.380E-4
10.574	5.215E-4	4.380E-4
10.591	5.215E-4	4.380E-4
10.608	5.215E-4	4.494E-4
10.625	5.215E-4	4.494E-4
10.642	5.215E-4	4.494E-4
10.658	5.215E-4	4.494E-4
10.675	5.215E-4	4.494E-4
10.692	5.215E-4	4.494E-4
10.709	5.215E-4	4.494E-4
10.726	5.215E-4	4.494E-4
10.743	5.215E-4	4.494E-4
10.759	5.215E-4	4.494E-4
10.776	5.215E-4	4.494E-4
10.793	5.215E-4	4.494E-4
10.810	5.215E-4	4.494E-4
10.827	5.215E-4	4.494E-4
10.844	5.215E-4	4.380E-4
10.860	5.215E-4	4.380E-4
10.877	5.330E-4	4.151E-4
10.894	5.788E-4	4.151E-4
10.911	6.017E-4	4.380E-4
10.928	6.131E-4	4.494E-4
10.945	6.131E-4	4.494E-4
10.961	6.246E-4	4.609E-4
10.978	6.246E-4	4.723E-4
10.995	6.246E-4	4.723E-4
11.012	6.246E-4	4.838E-4
11.029	6.361E-4	5.181E-4
11.046	6.475E-4	5.410E-4
11.063	6.590E-4	5.410E-4
11.079	6.590E-4	5.754E-4
11.096	6.590E-4	5.754E-4
11.113	6.590E-4	5.754E-4
11.130	6.590E-4	5.754E-4
11.147	6.590E-4	5.754E-4
11.164	6.590E-4	5.525E-4
11.180	6.590E-4	5.525E-4
11.197	6.361E-4	5.410E-4
11.214	6.246E-4	4.952E-4
11.231	6.131E-4	4.723E-4
11.248	6.131E-4	4.609E-4
11.265	6.131E-4	4.494E-4
11.281	6.131E-4	4.494E-4
11.298	5.673E-4	4.036E-4
11.315	5.673E-4	4.036E-4
11.332	5.559E-4	4.380E-4
11.349	4.413E-4	4.151E-4
11.366	4.413E-4	4.265E-4
11.382	4.528E-4	4.380E-4
11.399	4.528E-4	4.380E-4
11.416	4.528E-4	4.380E-4
11.433	4.528E-4	4.380E-4
11.450	4.643E-4	4.380E-4
11.467	4.643E-4	4.036E-4
11.483	4.643E-4	4.036E-4
11.500	4.643E-4	4.036E-4
11.517	4.643E-4	4.036E-4
11.534	4.643E-4	4.036E-4
11.551	4.643E-4	4.036E-4
11.568	4.643E-4	4.036E-4
11.584	4.643E-4	4.036E-4
11.601	4.643E-4	4.151E-4
11.618	4.528E-4	4.952E-4
11.635	4.299E-4	5.410E-4
11.652	4.299E-4	5.983E-4
11.669	4.070E-4	6.441E-4
11.686	4.070E-4	6.670E-4
11.702	4.070E-4	6.327E-4
11.719	4.070E-4	6.327E-4
11.736	4.070E-4	5.983E-4
11.753	4.070E-4	5.983E-4
11.770	4.070E-4	5.983E-4
11.787	3.955E-4	6.212E-4
11.803	3.841E-4	6.327E-4
11.820	3.841E-4	6.785E-4
11.837	3.841E-4	6.785E-4
11.854	3.841E-4	6.785E-4
11.871	3.841E-4	6.785E-4
11.888	3.841E-4	6.899E-4
11.904	3.841E-4	6.899E-4
11.921	3.841E-4	6.899E-4
11.938	3.841E-4	6.899E-4
11.955	3.841E-4	6.899E-4
11.972	4.070E-4	7.243E-4
11.989	4.184E-4	7.243E-4
12.005	4.184E-4	7.243E-4
12.022	4.184E-4	7.243E-4
12.039	4.184E-4	7.243E-4
12.056	4.184E-4	7.243E-4
12.073	4.299E-4	7.243E-4
12.090	4.299E-4	7.243E-4
12.106	4.299E-4	7.243E-4
12.123	4.299E-4	7.243E-4
12.140	4.299E-4	7.243E-4
12.157	3.841E-4	7.014E-4
12.174	3.612E-4	7.587E-4
12.191	3.383E-4	7.816E-4
12.207	3.383E-4	7.816E-4
12.224	3.383E-4	7.816E-4
12.241	3.383E-4	7.701E-4
12.258	3.383E-4	7.701E-4
12.275	3.154E-4	7.358E-4
12.292	3.039E-4	7.243E-4
12.309	3.039E-4	7.243E-4
12.325	3.268E-4	7.243E-4
12.342	3.841E-4	7.243E-4
12.359	3.955E-4	7.243E-4
12.376	4.413E-4	7.243E-4
12.393	4.643E-4	7.243E-4
12.410	4.643E-4	7.243E-4
12.426	4.643E-4	6.899E-4
12.443	4.643E-4	6.556E-4
12.460	4.528E-4	6.212E-4
12.477	4.528E-4	6.212E-4
12.494	4.528E-4	5.983E-4
12.511	4.528E-4	5.640E-4
12.527	4.413E-4	5.525E-4
12.544	4.299E-4	5.410E-4
12.561	4.299E-4	4.952E-4
12.578	4.299E-4	4.723E-4
12.595	4.298E-4	3.886E-4
12.612	4.212E-4	4.319E-4
12.628	4.212E-4	4.319E-4
12.645	4.212E-4	4.319E-4
12.662	4.212E-4	4.319E-4
12.679	4.212E-4	4.232E-4
12.696	4.212E-4	4.232E-4
12.713	4.212E-4	4.665E-4
12.729	4.298E-4	5.358E-4
12.746	4.298E-4	6.050E-4
12.763	4.298E-4	6.050E-4
12.780	4.298E-4	6.050E-4
12.797	4.298E-4	6.050E-4
12.814	4.298E-4	5.617E-4
12.830	4.125E-4	5.271E-4
12.847	3.952E-4	4.665E-4
12.864	3.865E-4	4.146E-4
12.881	3.779E-4	3.366E-4
12.898	3.779E-4	3.193E-4
12.915	3.779E-4	3.107E-4
12.932	3.779E-4	3.107E-4
12.948	3.692E-4	4.146E-4
12.965	3.692E-4	4.146E-4
12.982	3.692E-4	4.059E-4
12.999	3.692E-4	3.886E-4
13.016	3.692E-4	3.453E-4
13.033	3.692E-4	3.366E-4
13.049	3.692E-4	3.366E-4
13.066	3.692E-4	3.280E-4
13.083	3.692E-4	3.280E-4
13.100	3.692E-4	3.799E-4
13.117	3.692E-4	4.232E-4
13.134	3.692E-4	5.011E-4
13.150	3.692E-4	5.185E-4
13.167	3.433E-4	5.704E-4
13.184	3.173E-4	6.137E-4
13.201	3.173E-4	6.916E-4
13.218	3.173E-4	7.003E-4
13.235	3.173E-4	7.262E-4
13.251	3.173E-4	7.782E-4
13.268	3.259E-4	8.128E-4
13.285	3.259E-4	8.215E-4
13.302	2.826E-4	8.215E-4
13.319	2.653E-4	8.042E-4
13.336	2.653E-4	8.301E-4
13.352	3.000E-4	8.128E-4
13.369	3.000E-4	8.128E-4
13.386	3.000E-4	8.042E-4
13.403	2.913E-4	7.782E-4
13.420	2.826E-4	7.262E-4
13.437	2.826E-4	7.089E-4
13.453	2.567E-4	6.656E-4
13.470	2.567E-4	6.656E-4
13.487	2.567E-4	6.656E-4
13.504	2.480E-4	6.656E-4
13.521	2.480E-4	6.743E-4
13.538	2.480E-4	6.916E-4
13.555	2.480E-4	6.743E-4
13.571	2.480E-4	6.743E-4
13.588	2.480E-4	6.743E-4
13.605	2.480E-4	6.743E-4
13.622	2.480E-4	6.743E-4
13.639	2.567E-4	6.743E-4
13.656	2.826E-4	7.436E-4
13.672	2.913E-4	7.522E-4
13.689	2.913E-4	7.522E-4
13.706	2.913E-4	7.522E-4
13.723	2.913E-4	7.176E-4
13.740	2.913E-4	7.176E-4
13.757	2.913E-4	7.089E-4
13.773	2.913E-4	7.089E-4
13.790	2.913E-4	7.089E-4
13.807	2.913E-4	7.089E-4
13.824	2.913E-4	7.089E-4
13.841	2.913E-4	7.089E-4
13.858	2.913E-4	7.089E-4
13.874	2.913E-4	7.089E-4
13.891	2.913E-4	7.089E-4
13.908	2.913E-4	7.089E-4
13.925	2.913E-4	7.003E-4
13.942	2.913E-4	7.003E-4
13.959	2.913E-4	7.003E-4
13.975	2.913E-4	6.397E-4
13.992	3.173E-4	6.137E-4
14.009	3.173E-4	6.137E-4
14.026	3.173E-4	6.137E-4
14.043	3.173E-4	6.137E-4
14.060	3.173E-4	5.964E-4
14.076	3.000E-4	5.704E-4
14.093	3.000E-4	5.617E-4
14.110	3.259E-4	4.925E-4
14.127	3.259E-4	4.925E-4
14.144	3.043E-4	4.492E-4
14.161	3.043E-4	4.492E-4
14.178	3.043E-4	4.492E-4
14.194	3.476E-4	4.925E-4
14.211	3.692E-4	5.141E-4
14.228	4.125E-4	5.791E-4
14.245	4.558E-4	6.656E-4
14.262	4.558E-4	6.873E-4
14.279	4.558E-4	6.873E-4
14.295	4.558E-4	6.873E-4
14.312	4.558E-4	6.873E-4
14.329	4.558E-4	6.656E-4
14.346	4.558E-4	6.656E-4
14.363	4.558E-4	6.656E-4
14.380	4.125E-4	6.223E-4
14.396	3.909E-4	6.007E-4
14.413	3.909E-4	6.007E-4
14.430	3.909E-4	6.223E-4
14.447	3.909E-4	6.223E-4
14.464	3.909E-4	6.223E-4
14.481	3.909E-4	6.873E-4
14.497	3.909E-4	6.873E-4
14.514	3.909E-4	6.873E-4
14.531	3.692E-4	7.739E-4
14.548	3.692E-4	7.739E-4
14.565	3.692E-4	7.739E-4
14.582	3.692E-4	7.739E-4
14.598	3.692E-4	7.739E-4
14.615	3.692E-4	7.522E-4
14.632	3.259E-4	7.306E-4
14.649	3.259E-4	7.306E-4
14.666	3.259E-4	7.306E-4
14.683	3.259E-4	7.306E-4
14.699	3.259E-4	7.306E-4
14.716	3.259E-4	7.306E-4
14.733	3.259E-4	7.306E-4
14.750	3.259E-4	7.306E-4
14.767	3.259E-4	7.089E-4
14.784	3.259E-4	7.089E-4
14.801	3.259E-4	7.089E-4
14.817	2.826E-4	6.223E-4
14.834	2.826E-4	6.007E-4
14.851	2.826E-4	6.007E-4
14.868	2.826E-4	6.007E-4
14.885	2.826E-4	6.007E-4
14.902	2.826E-4	6.007E-4
14.918	2.826E-4	6.007E-4
14.935	2.826E-4	6.007E-4
14.952	2.826E-4	6.007E-4
14.969	2.826E-4	6.007E-4
14.986	2.826E-4	6.007E-4
15.003	2.826E-4	6.007E-4
15.019	2.826E-4	6.007E-4
15.036	2.826E-4	6.007E-4
15.053	2.826E-4	6.007E-4
15.070	2.826E-4	6.007E-4
15.087	2.826E-4	6.007E-4
15.104	2.826E-4	6.007E-4
15.120	2.826E-4	6.007E-4
15.137	2.826E-4	6.007E-4
15.154	3.043E-4	6.656E-4
15.171	3.259E-4	6.656E-4
15.188	3.259E-4	6.656E-4
15.205	3.692E-4	6.656E-4
15.221	3.692E-4	6.873E-4
15.238	4.125E-4	7.089E-4
15.255	4.558E-4	7.089E-4
15.272	4.558E-4	7.306E-4
15.289	4.558E-4	7.306E-4
15.306	4.558E-4	7.306E-4
15.322	4.558E-4	7.306E-4
15.339	4.558E-4	7.089E-4
15.356	4.558E-4	6.656E-4
15.373	4.558E-4	6.656E-4
15.390	4.558E-4	6.656E-4
15.407	4.558E-4	6.223E-4
15.424	4.558E-4	6.223E-4
15.440	4.558E-4	5.791E-4
15.457	4.558E-4	5.791E-4
15.474	4.558E-4	5.358E-4
15.491	4.558E-4	5.358E-4
15.508	4.558E-4	5.358E-4
15.525	4.558E-4	5.574E-4
15.541	4.558E-4	5.574E-4
15.558	4.558E-4	5.574E-4
15.575	4.558E-4	5.574E-4
15.592	4.558E-4	5.574E-4
15.609	4.558E-4	5.574E-4
15.626	4.558E-4	5.574E-4
15.642	4.558E-4	5.574E-4
15.659	4.558E-4	5.574E-4
15.676	4.558E-4	5.574E-4
15.693	4.558E-4	5.574E-4
15.710	4.558E-4	5.574E-4
15.727	4.558E-4	5.574E-4
15.743	4.558E-4	5.358E-4
15.760	4.558E-4	5.141E-4
15.777	4.558E-4	4.925E-4
15.794	4.558E-4	4.925E-4
15.811	4.558E-4	4.925E-4
15.828	4.558E-4	4.925E-4
15.844	4.558E-4	4.925E-4
15.861	4.558E-4	4.925E-4
15.878	4.558E-4	4.925E-4
15.895	4.558E-4	5.791E-4
15.912	4.558E-4	5.791E-4
15.929	4.558E-4	5.791E-4
15.946	4.558E-4	5.791E-4
15.962	4.558E-4	5.791E-4
15.979	4.558E-4	5.791E-4
15.996	4.558E-4	5.358E-4
16.013	4.558E-4	5.358E-4
16.030	4.558E-4	5.358E-4
16.047	4.558E-4	5.358E-4
16.063	4.558E-4	5.358E-4
16.080	4.558E-4	5.358E-4
16.097	4.558E-4	5.358E-4
16.114	4.558E-4	5.141E-4
16.131	4.558E-4	5.141E-4
16.148	4.558E-4	5.141E-4
16.164	4.558E-4	5.141E-4
16.181	4.558E-4	5.141E-4
16.198	4.558E-4	5.141E-4
16.215	4.558E-4	4.925E-4
16.232	4.558E-4	4.925E-4
16.249	4.558E-4	4.925E-4
16.265	4.558E-4	4.925E-4
16.282	4.558E-4	4.925E-4
16.299	4.558E-4	4.925E-4
16.316	4.558E-4	4.925E-4
16.333	4.558E-4	4.925E-4
16.350	4.558E-4	4.708E-4
16.366	4.558E-4	4.492E-4
16.383	4.558E-4	4.492E-4
16.400	4.558E-4	4.492E-4
16.417	4.558E-4	4.492E-4
16.434	4.558E-4	4.492E-4
16.451	4.558E-4	4.492E-4
16.467	4.558E-4	4.492E-4
16.484	4.558E-4	4.492E-4
16.501	4.558E-4	4.492E-4
16.518	4.558E-4	4.492E-4
16.535	4.558E-4	4.492E-4
16.552	4.558E-4	4.492E-4
16.569	4.558E-4	4.492E-4
16.585	4.558E-4	4.492E-4
16.602	4.558E-4	4.492E-4
16.619	4.558E-4	4.492E-4
16.636	4.558E-4	4.275E-4
16.653	4.558E-4	4.275E-4
16.670	4.558E-4	4.275E-4
16.686	4.558E-4	4.275E-4
16.703	4.558E-4	4.275E-4
16.720	4.558E-4	4.275E-4
16.737	4.558E-4	4.275E-4
16.754	4.558E-4	4.275E-4
16.771	4.558E-4	4.275E-4
16.787	4.558E-4	4.275E-4
16.804	4.558E-4	4.275E-4
16.821	4.558E-4	4.708E-4
16.838	4.558E-4	4.925E-4
16.855	4.558E-4	5.141E-4
16.872	4.558E-4	5.358E-4
16.888	4.558E-4	5.358E-4
16.905	4.558E-4	5.358E-4
16.922	4.558E-4	5.358E-4
16.939	4.558E-4	5.358E-4
16.956	4.558E-4	5.358E-4
16.973	4.558E-4	5.574E-4
16.989	4.558E-4	5.791E-4
17.006	4.558E-4	5.791E-4
17.023	4.558E-4	5.791E-4
17.040	4.558E-4	5.791E-4
17.057	4.558E-4	5.791E-4
17.074	4.558E-4	5.791E-4
17.090	4.558E-4	5.791E-4
17.107	4.558E-4	5.791E-4
17.124	4.558E-4	5.791E-4
17.141	4.558E-4	5.791E-4
17.158	4.558E-4	5.791E-4
17.175	4.558E-4	5.791E-4
17.192	4.558E-4	5.791E-4
17.208	4.558E-4	5.791E-4
17.225	4.558E-4	5.791E-4
17.242	4.558E-4	5.791E-4
17.259	4.558E-4	5.791E-4
17.276	4.558E-4	5.791E-4
17.293	4.558E-4	5.791E-4
17.309	4.558E-4	5.791E-4
17.326	4.558E-4	5.791E-4
17.343	4.558E-4	5.791E-4
17.360	4.558E-4	5.791E-4
17.377	4.558E-4	5.791E-4
17.394	4.558E-4	5.791E-4
17.410	4.558E-4	5.791E-4
17.427	4.558E-4	5.791E-4
17.444	4.558E-4	5.358E-4
17.461	4.558E-4	5.358E-4
17.478	4.558E-4	5.358E-4
17.495	4.558E-4	5.358E-4
17.511	4.558E-4	5.358E-4
17.528	4.558E-4	5.358E-4
17.545	4.558E-4	5.358E-4
17.562	4.558E-4	4.925E-4
17.579	4.558E-4	4.925E-4
17.596	4.558E-4	4.925E-4
17.612	4.558E-4	5.141E-4
17.629	4.558E-4	5.141E-4
17.646	4.558E-4	5.358E-4
17.663	4.558E-4	5.574E-4
17.680	4.775E-4	5.574E-4
17.697	4.775E-4	5.574E-4
17.713	4.775E-4	5.574E-4
17.730	4.775E-4	5.791E-4
17.747	4.775E-4	5.791E-4
17.764	4.991E-4	5.791E-4
17.781	4.991E-4	5.791E-4
17.798	4.991E-4	5.791E-4
17.815	4.991E-4	5.791E-4
17.831	4.991E-4	5.791E-4
17.848	4.991E-4	5.791E-4
17.865	4.991E-4	5.791E-4
17.882	4.991E-4	5.791E-4
17.899	4.991E-4	5.791E-4
17.916	4.991E-4	5.791E-4
17.932	4.991E-4	5.791E-4
17.949	4.991E-4	5.791E-4
17.966	4.991E-4	5.791E-4
17.983	4.991E-4	5.791E-4
18.000	4.991E-4	5.791E-4
18.017	4.991E-4	5.791E-4
18.033	4.991E-4	5.791E-4
18.050	4.991E-4	5.791E-4
18.067	4.991E-4	5.791E-4
18.084	4.991E-4	5.791E-4
18.101	4.991E-4	5.791E-4
18.118	4.991E-4	5.791E-4
18.134	4.991E-4	5.791E-4
18.151	4.991E-4	5.791E-4
18.168	4.991E-4	6.223E-4
18.185	4.991E-4	6.656E-4
18.202	4.991E-4	6.656E-4
18.219	4.991E-4	7.089E-4
18.235	4.991E-4	7.306E-4
18.252	4.991E-4	7.522E-4
18.269	4.991E-4	7.522E-4
18.286	4.991E-4	7.522E-4
18.303	4.991E-4	7.522E-4
18.320	4.991E-4	7.522E-4
18.336	4.991E-4	7.522E-4
18.353	4.991E-4	7.522E-4
18.370	4.991E-4	7.522E-4
18.387	4.991E-4	7.522E-4
18.404	4.991E-4	7.522E-4
18.421	4.991E-4	7.089E-4
18.438	4.991E-4	7.089E-4
18.454	4.991E-4	7.089E-4
18.471	4.991E-4	7.089E-4
18.488	4.991E-4	7.089E-4
18.505	4.991E-4	7.089E-4
18.522	5.640E-4	6.656E-4
18.539	5.640E-4	6.656E-4
18.555	5.640E-4	6.656E-4
18.572	5.640E-4	6.656E-4
18.589	5.640E-4	6.656E-4
18.606	5.640E-4	6.656E-4
18.623	5.640E-4	6.656E-4
18.640	5.424E-4	7.089E-4
18.656	5.424E-4	7.522E-4
18.673	5.424E-4	7.522E-4
18.690	5.424E-4	7.522E-4
18.707	5.424E-4	7.522E-4
18.724	5.424E-4	7.522E-4
18.741	5.424E-4	7.522E-4
18.757	5.424E-4	7.522E-4
18.774	5.424E-4	7.522E-4
18.791	5.424E-4	7.306E-4
18.808	5.424E-4	7.089E-4
18.825	5.424E-4	6.873E-4
18.842	5.424E-4	6.656E-4
18.858	5.640E-4	6.440E-4
18.875	6.290E-4	6.007E-4
18.892	6.939E-4	6.007E-4
18.909	7.372E-4	6.007E-4
18.926	7.372E-4	6.007E-4
18.943	7.805E-4	6.007E-4
18.959	8.021E-4	6.007E-4
18.976	8.021E-4	5.791E-4
18.993	8.021E-4	5.574E-4
19.010	8.021E-4	5.358E-4
19.027	8.021E-4	5.358E-4
19.044	8.021E-4	5.358E-4
19.061	8.021E-4	5.358E-4
19.077	7.805E-4	5.358E-4
19.094	7.805E-4	5.358E-4
19.111	7.805E-4	5.358E-4
19.128	7.805E-4	5.358E-4
19.145	7.805E-4	5.358E-4
19.162	7.805E-4	5.358E-4
19.178	7.588E-4	5.141E-4
19.195	7.588E-4	5.141E-4
19.212	7.588E-4	5.141E-4
19.229	7.588E-4	5.358E-4
19.246	7.588E-4	5.574E-4
19.263	7.588E-4	5.791E-4
19.279	7.588E-4	6.223E-4
19.296	7.588E-4	6.440E-4
19.313	7.588E-4	6.440E-4
19.330	7.588E-4	6.440E-4
19.347	7.588E-4	6.440E-4
19.364	7.588E-4	6.440E-4
19.380	7.588E-4	6.440E-4
19.397	7.588E-4	6.440E-4
19.414	7.588E-4	6.440E-4
19.431	7.588E-4	6.440E-4
19.448	7.588E-4	6.223E-4
19.465	7.588E-4	6.223E-4
19.481	7.588E-4	6.223E-4
19.498	7.588E-4	6.440E-4
19.515	7.588E-4	6.656E-4
19.532	7.588E-4	6.873E-4
19.549	7.588E-4	6.873E-4
19.566	7.588E-4	6.873E-4
19.582	7.588E-4	6.873E-4
19.599	7.588E-4	7.522E-4
19.616	7.588E-4	7.522E-4
19.633	7.588E-4	7.955E-4
19.650	7.588E-4	7.955E-4
19.667	7.588E-4	7.955E-4
19.684	7.588E-4	7.955E-4
19.700	7.588E-4	7.955E-4
19.717	7.588E-4	7.955E-4
19.734	7.805E-4	8.388E-4
19.751	8.021E-4	8.388E-4
19.768	8.238E-4	8.604E-4
19.785	8.238E-4	8.604E-4
19.801	8.238E-4	8.604E-4
19.818	8.238E-4	8.604E-4
19.835	8.021E-4	8.388E-4
19.852	8.021E-4	8.388E-4
19.869	8.021E-4	8.388E-4
19.886	8.021E-4	8.388E-4
19.902	8.021E-4	8.388E-4
19.919	8.021E-4	8.172E-4
19.936	8.021E-4	7.955E-4
19.953	8.021E-4	7.955E-4
19.970	8.021E-4	7.955E-4
19.987	8.021E-4	7.955E-4
20.003	8.021E-4	7.955E-4
20.020	8.021E-4	7.955E-4
20.037	8.021E-4	7.739E-4
20.054	8.021E-4	7.739E-4
20.071	8.021E-4	7.739E-4
20.088	8.021E-4	7.739E-4
20.104	8.021E-4	7.739E-4
20.121	8.021E-4	7.739E-4
20.138	8.021E-4	7.739E-4
20.155	7.805E-4	7.522E-4
20.172	7.805E-4	7.522E-4
20.189	7.588E-4	7.522E-4
20.205	7.588E-4	7.522E-4
20.222	7.588E-4	7.955E-4
20.239	7.588E-4	8.172E-4
20.256	7.588E-4	8.172E-4
20.273	7.588E-4	8.172E-4
20.290	7.588E-4	8.172E-4
20.307	7.588E-4	8.172E-4
20.323	7.588E-4	8.172E-4
20.340	7.588E-4	8.172E-4
20.357	7.588E-4	7.955E-4
20.374	7.588E-4	7.955E-4
20.391	7.588E-4	7.739E-4
20.408	7.588E-4	7.522E-4
20.424	7.372E-4	7.089E-4
20.441	7.372E-4	7.089E-4
20.458	7.156E-4	7.089E-4
20.475	7.156E-4	6.873E-4
20.492	7.156E-4	6.656E-4
20.509	6.723E-4	6.440E-4
20.525	6.723E-4	6.440E-4
20.542	6.723E-4	6.440E-4
20.559	6.723E-4	6.223E-4
20.576	6.506E-4	6.223E-4
20.593	6.506E-4	6.223E-4
20.610	6.506E-4	6.223E-4
20.626	6.506E-4	6.440E-4
20.643	6.506E-4	6.656E-4
20.660	6.506E-4	6.656E-4
20.677	6.506E-4	6.656E-4
20.694	6.506E-4	6.656E-4
20.711	6.506E-4	6.656E-4
20.727	6.506E-4	7.089E-4
20.744	6.506E-4	7.306E-4
20.761	6.506E-4	7.522E-4
20.778	6.939E-4	7.522E-4
20.795	6.939E-4	7.739E-4
20.812	6.939E-4	7.739E-4
20.828	6.939E-4	7.739E-4
20.845	6.939E-4	7.739E-4
20.862	6.939E-4	7.739E-4
20.879	6.939E-4	7.522E-4
20.896	6.939E-4	7.306E-4
20.913	6.939E-4	7.089E-4
20.930	6.939E-4	6.873E-4
20.946	6.939E-4	6.656E-4
20.963	6.939E-4	6.656E-4
20.980	6.939E-4	6.656E-4
20.997	6.939E-4	6.656E-4
21.014	7.156E-4	6.656E-4
21.031	7.588E-4	6.656E-4
21.047	7.805E-4	6.656E-4
21.064	8.021E-4	6.656E-4
21.081	8.238E-4	6.656E-4
21.098	8.238E-4	6.656E-4
21.115	8.454E-4	6.873E-4
21.132	8.454E-4	6.873E-4
21.148	8.454E-4	6.656E-4
21.165	8.454E-4	6.656E-4
21.182	8.454E-4	6.440E-4
21.199	8.454E-4	6.440E-4
21.216	8.454E-4	6.440E-4
21.233	8.454E-4	6.656E-4
21.249	8.454E-4	7.089E-4
21.266	8.454E-4	7.522E-4
21.283	8.454E-4	7.522E-4
21.300	8.454E-4	7.739E-4
21.317	8.454E-4	8.172E-4
21.334	8.454E-4	8.388E-4
21.350	8.454E-4	8.388E-4
21.367	8.454E-4	9.037E-4
21.384	8.454E-4	9.037E-4
21.401	8.454E-4	9.037E-4
21.418	8.454E-4	9.037E-4
21.435	8.454E-4	9.037E-4
21.451	8.238E-4	9.037E-4
21.468	8.238E-4	9.037E-4
21.485	8.238E-4	9.037E-4
21.502	8.238E-4	9.037E-4
21.519	8.238E-4	9.037E-4
21.536	8.238E-4	9.037E-4
21.553	8.238E-4	9.037E-4
21.569	8.238E-4	9.037E-4
21.586	8.021E-4	9.037E-4
21.603	8.021E-4	8.821E-4
21.620	7.805E-4	8.604E-4
21.637	7.805E-4	8.604E-4
21.654	7.805E-4	8.604E-4
21.670	7.805E-4	8.604E-4
21.687	7.805E-4	8.821E-4
21.704	7.805E-4	9.687E-4
21.721	7.805E-4	9.903E-4
21.738	7.805E-4	9.903E-4
21.755	7.805E-4	9.903E-4
21.771	7.805E-4	9.903E-4
21.788	7.805E-4	9.903E-4
21.805	7.805E-4	9.903E-4
21.822	7.805E-4	9.903E-4
21.839	7.805E-4	9.903E-4
21.856	7.805E-4	9.903E-4
21.872	7.805E-4	9.903E-4
21.889	7.588E-4	9.903E-4
21.906	7.588E-4	1.055E-3
21.923	7.588E-4	1.099E-3
21.940	7.588E-4	1.099E-3
21.957	7.588E-4	1.142E-3
21.973	7.588E-4	1.142E-3
21.990	7.588E-4	1.142E-3
22.007	7.588E-4	1.142E-3
22.024	7.372E-4	1.142E-3
22.041	7.156E-4	1.120E-3
22.058	7.156E-4	1.120E-3
22.075	7.156E-4	1.120E-3
22.091	7.156E-4	1.163E-3
22.108	7.156E-4	1.207E-3
22.125	7.372E-4	1.250E-3
22.142	7.372E-4	1.293E-3
22.159	7.372E-4	1.315E-3
22.176	7.372E-4	1.315E-3
22.192	7.372E-4	1.358E-3
22.209	7.372E-4	1.358E-3
22.226	7.372E-4	1.358E-3
22.243	7.588E-4	1.380E-3
22.260	7.588E-4	1.380E-3
22.277	7.588E-4	1.380E-3
22.293	7.805E-4	1.402E-3
22.310	7.805E-4	1.402E-3
22.327	7.805E-4	1.402E-3
22.344	7.805E-4	1.402E-3
22.361	7.805E-4	1.402E-3
22.378	7.588E-4	1.423E-3
22.394	7.588E-4	1.423E-3
22.411	6.723E-4	1.445E-3
22.428	6.290E-4	1.445E-3
22.445	6.290E-4	1.423E-3
22.462	5.857E-4	1.337E-3
22.479	5.857E-4	1.293E-3
22.495	5.640E-4	1.272E-3
22.512	4.558E-4	1.272E-3
22.529	4.558E-4	1.272E-3
22.546	4.342E-4	1.272E-3
22.563	4.125E-4	1.272E-3
22.580	4.125E-4	1.272E-3
22.596	4.125E-4	1.358E-3
22.613	4.558E-4	1.445E-3
22.630	4.991E-4	1.467E-3
22.647	5.207E-4	1.488E-3
22.664	5.207E-4	1.488E-3
22.681	5.207E-4	1.467E-3
22.698	5.207E-4	1.467E-3
22.714	5.207E-4	1.467E-3
22.731	5.207E-4	1.467E-3
22.748	4.991E-4	1.467E-3
22.765	4.991E-4	1.423E-3
22.782	4.991E-4	1.380E-3
22.799	4.991E-4	1.358E-3
22.815	4.991E-4	1.293E-3
22.832	5.640E-4	1.272E-3
22.849	6.073E-4	1.272E-3
22.866	6.506E-4	1.207E-3
22.883	6.939E-4	1.207E-3
22.900	7.156E-4	1.207E-3
22.916	7.156E-4	1.207E-3
22.933	7.372E-4	1.272E-3
22.950	7.372E-4	1.293E-3
22.967	7.372E-4	1.337E-3
22.984	7.372E-4	1.358E-3
23.001	7.372E-4	1.358E-3
23.017	7.372E-4	1.293E-3
23.034	7.372E-4	1.250E-3
23.051	7.372E-4	1.207E-3
23.068	7.372E-4	1.228E-3
23.085	7.372E-4	1.272E-3
23.102	7.372E-4	1.293E-3
23.118	7.372E-4	1.207E-3
23.135	7.372E-4	1.207E-3
23.152	7.372E-4	1.185E-3
23.169	7.372E-4	1.185E-3
23.186	7.372E-4	1.228E-3
23.203	7.372E-4	1.228E-3
23.219	7.372E-4	1.228E-3
23.236	7.372E-4	1.207E-3
23.253	7.372E-4	1.185E-3
23.270	7.156E-4	1.163E-3
23.287	7.156E-4	1.163E-3
23.304	7.156E-4	1.142E-3
23.321	7.156E-4	1.142E-3
23.337	7.156E-4	1.120E-3
23.354	7.156E-4	1.120E-3
23.371	7.156E-4	1.120E-3
23.388	7.156E-4	1.099E-3
23.405	7.372E-4	1.077E-3
23.422	7.372E-4	1.055E-3
23.438	7.156E-4	1.034E-3
23.455	7.156E-4	1.012E-3
23.472	7.156E-4	1.012E-3
23.489	7.156E-4	9.903E-4
23.506	7.156E-4	9.687E-4
23.523	7.372E-4	9.687E-4
23.539	7.372E-4	9.687E-4
23.556	7.372E-4	1.012E-3
23.573	7.372E-4	1.012E-3
23.590	7.372E-4	1.012E-3
23.607	7.372E-4	1.012E-3
23.624	7.588E-4	1.012E-3
23.640	7.588E-4	1.012E-3
23.657	7.588E-4	1.034E-3
23.674	7.805E-4	1.055E-3
23.691	7.805E-4	1.055E-3
23.708	7.805E-4	1.077E-3
23.725	7.805E-4	1.099E-3
23.741	7.805E-4	1.120E-3
23.758	7.805E-4	1.120E-3
23.775	7.805E-4	1.120E-3
23.792	7.805E-4	1.120E-3
23.809	7.805E-4	1.120E-3
23.826	7.805E-4	1.120E-3
23.842	7.805E-4	1.120E-3
23.859	7.805E-4	1.120E-3
23.876	7.805E-4	1.120E-3
23.893	7.805E-4	1.120E-3
23.910	7.805E-4	1.120E-3
23.927	7.805E-4	1.120E-3
23.944	7.805E-4	1.120E-3
23.960	7.805E-4	1.120E-3
23.977	7.805E-4	1.120E-3
23.994	7.805E-4	1.120E-3
24.011	7.805E-4	1.120E-3
24.028	7.805E-4	1.099E-3
24.045	7.805E-4	1.099E-3
24.061	7.805E-4	1.099E-3
24.078	7.805E-4	1.099E-3
24.095	7.805E-4	1.099E-3
24.112	7.805E-4	1.099E-3
24.129	7.805E-4	1.099E-3
24.146	7.805E-4	1.099E-3
24.162	7.805E-4	1.099E-3
24.179	7.805E-4	1.099E-3
24.196	7.805E-4	1.099E-3
24.213	7.805E-4	1.099E-3
24.230	7.805E-4	1.099E-3
24.247	7.805E-4	1.099E-3
24.263	7.805E-4	1.099E-3
24.280	7.805E-4	1.099E-3
24.297	7.805E-4	1.099E-3
24.314	7.805E-4	1.099E-3
24.331	7.805E-4	1.099E-3
24.348	7.805E-4	1.099E-3
24.364	7.805E-4	1.099E-3
24.381	7.805E-4	1.077E-3
24.398	8.021E-4	1.034E-3
24.415	8.021E-4	1.034E-3
24.432	8.021E-4	1.034E-3
24.449	8.021E-4	1.034E-3
24.465	8.021E-4	1.034E-3
24.482	8.021E-4	1.034E-3
24.499	8.021E-4	1.055E-3
24.516	8.021E-4	1.055E-3
24.533	8.021E-4	1.055E-3
24.550	8.021E-4	1.055E-3
24.567	8.021E-4	1.055E-3
24.583	8.021E-4	1.055E-3
24.600	8.021E-4	1.055E-3
24.617	8.021E-4	1.055E-3
24.634	8.021E-4	1.055E-3
24.651	8.021E-4	1.055E-3
24.668	8.021E-4	1.055E-3
24.684	8.021E-4	1.055E-3
24.701	8.021E-4	1.055E-3
24.718	8.021E-4	1.055E-3
24.735	8.021E-4	1.012E-3
24.752	8.021E-4	1.012E-3
24.769	8.021E-4	1.012E-3
24.785	8.021E-4	1.012E-3
24.802	8.021E-4	1.012E-3
24.819	8.021E-4	1.012E-3
24.836	8.021E-4	1.012E-3
24.853	8.021E-4	9.687E-4
24.870	8.021E-4	9.687E-4
24.886	8.021E-4	9.687E-4
24.903	8.021E-4	9.687E-4
24.920	8.021E-4	9.687E-4
24.937	8.021E-4	9.687E-4
24.954	8.021E-4	9.687E-4
24.971	8.021E-4	9.687E-4
24.987	8.021E-4	9.687E-4
25.004	8.021E-4	9.687E-4
25.021	8.021E-4	9.687E-4
25.038	8.021E-4	9.687E-4
25.055	8.021E-4	9.254E-4
25.072	8.021E-4	9.254E-4
25.088	8.021E-4	9.254E-4
25.105	8.021E-4	9.254E-4
25.122	8.021E-4	9.254E-4
25.139	8.021E-4	9.254E-4
25.156	8.021E-4	9.254E-4
25.173	8.021E-4	9.254E-4
25.190	8.021E-4	9.254E-4
25.206	8.021E-4	9.254E-4
25.223	8.021E-4	8.604E-4
25.240	8.021E-4	8.604E-4
25.257	8.021E-4	8.604E-4
25.274	8.021E-4	8.604E-4
25.291	8.021E-4	8.604E-4
25.307	8.021E-4	8.604E-4
25.324	8.021E-4	8.604E-4
25.341	8.021E-4	8.604E-4
25.358	8.021E-4	8.604E-4
25.375	8.021E-4	8.604E-4
25.392	8.021E-4	8.604E-4
25.408	8.021E-4	8.604E-4
25.425	8.021E-4	8.388E-4
25.442	8.021E-4	8.388E-4
25.459	8.021E-4	8.388E-4
25.476	8.021E-4	8.388E-4
25.493	8.021E-4	8.388E-4
25.509	8.021E-4	8.388E-4
25.526	8.021E-4	8.388E-4
25.543	8.021E-4	8.388E-4
25.560	8.021E-4	8.388E-4
25.577	8.021E-4	8.388E-4
25.594	8.021E-4	7.955E-4
25.610	8.021E-4	7.739E-4
25.627	8.021E-4	7.739E-4
25.644	8.021E-4	7.739E-4
25.661	8.021E-4	7.739E-4
25.678	8.021E-4	7.739E-4
25.695	8.021E-4	7.522E-4
25.711	8.021E-4	7.522E-4
25.728	8.021E-4	7.522E-4
25.745	8.021E-4	7.522E-4
25.762	8.021E-4	7.522E-4
25.779	7.588E-4	7.522E-4
25.796	7.588E-4	7.522E-4
25.813	7.588E-4	7.522E-4
25.829	7.588E-4	7.522E-4
25.846	7.588E-4	7.522E-4
25.863	7.588E-4	7.522E-4
25.880	7.588E-4	7.522E-4
25.897	7.588E-4	7.522E-4
25.914	7.588E-4	7.522E-4
25.930	7.588E-4	7.522E-4
25.947	7.588E-4	7.522E-4
25.964	7.588E-4	7.522E-4
25.981	7.588E-4	7.522E-4
25.998	7.588E-4	7.522E-4
26.015	7.588E-4	7.522E-4
26.031	7.588E-4	7.522E-4
26.048	7.588E-4	7.522E-4
26.065	7.588E-4	7.522E-4
26.082	7.588E-4	7.522E-4
26.099	7.588E-4	7.306E-4
26.116	7.588E-4	6.873E-4
26.132	7.588E-4	6.873E-4
26.149	7.588E-4	6.656E-4
26.166	7.588E-4	5.791E-4
26.183	7.805E-4	5.574E-4
26.200	7.805E-4	5.574E-4
26.217	7.805E-4	5.358E-4
26.233	7.805E-4	5.141E-4
26.250	7.805E-4	4.925E-4
26.267	7.805E-4	4.925E-4
26.284	7.805E-4	4.492E-4
26.301	7.805E-4	4.492E-4
26.318	7.805E-4	4.492E-4
26.334	7.805E-4	4.059E-4
26.351	7.805E-4	4.059E-4
26.368	7.805E-4	4.059E-4
26.385	7.805E-4	4.059E-4
26.402	7.805E-4	3.843E-4
26.419	7.805E-4	3.843E-4
26.436	7.805E-4	3.626E-4
26.452	7.805E-4	3.193E-4
26.469	7.805E-4	3.193E-4
26.486	7.805E-4	3.193E-4
26.503	7.805E-4	3.193E-4
26.520	7.805E-4	2.977E-4
26.537	7.805E-4	2.977E-4
26.553	7.805E-4	2.977E-4
26.570	7.805E-4	2.977E-4
26.587	7.805E-4	2.977E-4
26.604	7.805E-4	2.977E-4
26.621	7.805E-4	2.977E-4
26.638	7.805E-4	2.760E-4
26.654	7.805E-4	2.760E-4
26.671	7.805E-4	2.760E-4
26.688	7.805E-4	2.544E-4
26.705	7.805E-4	2.327E-4
26.722	7.805E-4	1.894E-4
26.739	7.805E-4	1.894E-4
26.755	7.805E-4	1.462E-4
26.772	7.805E-4	1.462E-4
26.789	7.805E-4	1.462E-4
26.806	7.805E-4	1.462E-4
26.823	7.805E-4	1.462E-4
26.840	7.805E-4	1.462E-4
26.856	7.805E-4	1.462E-4
26.873	7.805E-4	1.462E-4
26.890	7.805E-4	1.462E-4
26.907	7.805E-4	1.462E-4
26.924	7.805E-4	1.462E-4
26.941	7.805E-4	5.958E-5
26.957	7.805E-4	5.958E-5
26.974	7.805E-4	3.793E-5
26.991	7.805E-4	1.629E-5
27.008	7.805E-4	-5.359E-6
27.025	7.588E-4	-2.700E-5
27.042	7.588E-4	-2.700E-5
27.059	7.588E-4	-2.700E-5
27.075	7.588E-4	-2.700E-5
27.092	7.588E-4	-2.700E-5
27.109	7.588E-4	-5.359E-6
27.126	7.588E-4	8.122E-5
27.143	7.588E-4	8.122E-5
27.160	7.588E-4	8.122E-5
27.176	7.588E-4	8.122E-5
27.193	7.805E-4	5.958E-5
27.210	7.805E-4	-2.700E-5
27.227	7.805E-4	-7.029E-5
27.244	7.805E-4	-1.136E-4
27.261	7.805E-4	-1.569E-4
27.277	7.805E-4	-1.569E-4
27.294	7.805E-4	-1.569E-4
27.311	7.805E-4	-1.569E-4
27.328	7.805E-4	-1.569E-4
27.345	7.805E-4	-1.569E-4
27.362	7.805E-4	-1.569E-4
27.378	7.805E-4	-1.569E-4
27.395	7.805E-4	-1.569E-4
27.412	7.805E-4	-1.569E-4
27.429	7.805E-4	-1.569E-4
27.446	7.805E-4	-1.569E-4
27.463	7.805E-4	-1.569E-4
27.479	7.805E-4	-1.569E-4
27.496	7.805E-4	-2.002E-4
27.513	7.805E-4	-2.002E-4
27.530	7.805E-4	-2.002E-4
27.547	7.805E-4	-2.002E-4
27.564	7.805E-4	-1.569E-4
27.580	7.805E-4	-1.569E-4
27.597	7.805E-4	-1.569E-4
27.614	7.805E-4	-1.569E-4
27.631	7.805E-4	-1.569E-4
27.648	7.805E-4	-1.569E-4
27.665	7.805E-4	-1.569E-4
27.682	7.805E-4	-1.569E-4
27.698	7.805E-4	-1.569E-4
27.715	7.805E-4	-1.569E-4
27.732	7.805E-4	-1.785E-4
27.749	7.805E-4	-2.002E-4
27.766	7.805E-4	-2.218E-4
27.783	7.805E-4	-2.218E-4
27.799	7.805E-4	-2.435E-4
27.816	7.805E-4	-2.435E-4
27.833	7.805E-4	-2.435E-4
27.850	7.805E-4	-2.435E-4
27.867	7.805E-4	-2.435E-4
27.884	7.805E-4	-2.435E-4
27.900	7.805E-4	-2.435E-4
27.917	7.805E-4	-2.435E-4
27.934	7.805E-4	-2.435E-4
27.951	7.805E-4	-2.435E-4
27.968	7.805E-4	-2.435E-4
27.985	7.805E-4	-2.435E-4
28.001	7.805E-4	-2.435E-4
28.018	7.805E-4	-2.867E-4
28.035	7.805E-4	-2.867E-4
28.052	7.805E-4	-3.084E-4
28.069	7.805E-4	-3.084E-4
28.086	7.805E-4	-3.084E-4
28.102	7.805E-4	-3.300E-4
28.119	7.805E-4	-3.300E-4
28.136	7.805E-4	-3.300E-4
28.153	7.805E-4	-3.300E-4
28.170	7.805E-4	-3.300E-4
28.187	7.805E-4	-3.300E-4
28.204	7.805E-4	-3.300E-4
28.220	7.805E-4	-3.300E-4
28.237	7.805E-4	-3.300E-4
28.254	7.805E-4	-3.300E-4
28.271	7.805E-4	-3.733E-4
28.288	7.805E-4	-3.733E-4
28.305	7.805E-4	-3.950E-4
28.321	7.805E-4	-4.166E-4
28.338	7.805E-4	-4.599E-4
28.355	7.805E-4	-4.599E-4
28.372	7.805E-4	-4.599E-4
28.389	7.805E-4	-4.599E-4
28.406	7.805E-4	-4.599E-4
28.422	7.805E-4	-4.599E-4
28.439	7.805E-4	-4.599E-4
28.456	7.805E-4	-4.599E-4
28.473	7.805E-4	-4.599E-4
28.490	7.805E-4	-4.599E-4
28.507	7.805E-4	-4.383E-4
28.523	7.805E-4	-4.383E-4
28.540	7.805E-4	-4.383E-4
28.557	7.805E-4	-4.383E-4
28.574	7.805E-4	-4.383E-4
28.591	7.805E-4	-3.950E-4
28.608	7.805E-4	-3.517E-4
28.624	7.805E-4	-3.517E-4
28.641	7.805E-4	-3.517E-4
28.658	7.805E-4	-3.517E-4
28.675	7.805E-4	-3.517E-4
28.692	7.805E-4	-3.733E-4
28.709	7.805E-4	-3.950E-4
28.725	7.805E-4	-3.950E-4
28.742	7.805E-4	-3.950E-4
28.759	7.805E-4	-3.950E-4
28.776	7.805E-4	-3.950E-4
28.793	7.805E-4	-3.950E-4
28.810	7.805E-4	-3.300E-4
28.827	8.021E-4	-3.084E-4
28.843	8.021E-4	-3.084E-4
28.860	8.021E-4	-3.084E-4
28.877	8.021E-4	-3.084E-4
28.894	8.021E-4	-3.300E-4
28.911	8.021E-4	-3.517E-4
28.928	8.021E-4	-3.517E-4
28.944	8.021E-4	-3.733E-4
28.961	8.021E-4	-3.950E-4
28.978	8.021E-4	-4.166E-4
28.995	8.021E-4	-4.166E-4
29.012	8.021E-4	-4.383E-4
29.029	8.021E-4	-4.599E-4
29.045	8.021E-4	-5.032E-4
29.062	8.021E-4	-5.032E-4
29.079	8.021E-4	-5.032E-4
29.096	8.021E-4	-5.032E-4
29.113	8.021E-4	-5.032E-4
29.130	8.021E-4	-5.032E-4
29.146	8.021E-4	-5.032E-4
29.163	8.021E-4	-5.032E-4
29.180	8.021E-4	-5.032E-4
29.197	8.021E-4	-5.465E-4
29.214	8.021E-4	-5.465E-4
29.231	8.021E-4	-5.465E-4
29.247	8.021E-4	-5.465E-4
29.264	8.021E-4	-5.465E-4
29.281	8.021E-4	-5.465E-4
29.298	8.021E-4	-5.465E-4
29.315	8.021E-4	-5.248E-4
29.332	7.588E-4	-4.599E-4
29.348	7.588E-4	-4.599E-4
29.365	7.588E-4	-4.599E-4
29.382	7.588E-4	-4.599E-4
29.399	7.588E-4	-4.599E-4
29.416	7.588E-4	-4.599E-4
29.433	7.588E-4	-4.599E-4
29.450	7.588E-4	-4.599E-4
29.466	7.588E-4	-5.032E-4
29.483	7.588E-4	-5.032E-4
29.500	7.588E-4	-5.032E-4
29.517	7.588E-4	-5.032E-4
29.534	7.588E-4	-5.032E-4
29.551	7.588E-4	-5.032E-4
29.567	7.588E-4	-5.032E-4
29.584	7.588E-4	-5.465E-4
29.601	7.588E-4	-5.465E-4
29.618	7.588E-4	-5.465E-4
29.635	7.372E-4	-5.465E-4
29.652	7.156E-4	-5.681E-4
29.668	7.156E-4	-5.898E-4
29.685	7.156E-4	-5.898E-4
29.702	7.156E-4	-6.114E-4
29.719	7.156E-4	-6.331E-4
29.736	7.156E-4	-6.547E-4
29.753	7.156E-4	-6.547E-4
29.769	6.939E-4	-6.764E-4
29.786	6.723E-4	-7.196E-4
29.803	6.723E-4	-7.196E-4
29.820	6.723E-4	-7.196E-4
29.837	6.723E-4	-7.196E-4
29.854	6.723E-4	-7.196E-4
29.870	6.723E-4	-7.196E-4
29.887	6.723E-4	-7.196E-4
29.904	6.723E-4	-7.196E-4
29.921	6.723E-4	-7.196E-4
29.938	6.723E-4	-7.196E-4
29.955	6.723E-4	-7.196E-4
29.971	6.723E-4	-7.196E-4
29.988	6.723E-4	-7.196E-4
30.005	6.723E-4	-7.629E-4
30.022	6.723E-4	-7.629E-4
30.039	6.723E-4	-7.629E-4
30.056	6.723E-4	-7.629E-4
30.073	6.723E-4	-7.629E-4
30.089	6.723E-4	-7.629E-4
30.106	6.723E-4	-7.629E-4
30.123	6.723E-4	-7.629E-4
30.140	6.723E-4	-7.629E-4
30.157	6.723E-4	-7.629E-4
30.174	6.723E-4	-7.629E-4
30.190	6.723E-4	-7.629E-4
30.207	6.723E-4	-7.629E-4
30.224	6.723E-4	-7.629E-4
30.241	6.723E-4	-7.846E-4
30.258	6.723E-4	-8.279E-4
30.275	6.723E-4	-8.279E-4
30.291	6.723E-4	-8.712E-4
30.308	6.723E-4	-8.928E-4
30.325	6.723E-4	-8.928E-4
30.342	6.723E-4	-9.361E-4
30.359	6.723E-4	-9.794E-4
30.376	6.723E-4	-1.001E-3
30.392	6.723E-4	-1.001E-3
30.409	6.723E-4	-1.001E-3
30.426	6.723E-4	-1.001E-3
30.443	6.723E-4	-1.066E-3
30.460	6.723E-4	-1.066E-3
30.477	6.723E-4	-1.066E-3
30.493	6.723E-4	-1.066E-3
30.510	6.723E-4	-1.066E-3
30.527	6.723E-4	-1.066E-3
30.544	6.723E-4	-1.066E-3
30.561	6.723E-4	-1.066E-3
30.578	6.723E-4	-1.066E-3
30.594	6.723E-4	-1.066E-3
30.611	6.723E-4	-1.066E-3
30.628	6.723E-4	-1.066E-3
30.645	6.723E-4	-1.066E-3
30.662	6.723E-4	-1.066E-3
30.679	6.723E-4	-1.066E-3
30.696	6.723E-4	-1.066E-3
30.712	6.723E-4	-1.088E-3
30.729	6.723E-4	-1.109E-3
30.746	6.723E-4	-1.109E-3
30.763	6.723E-4	-1.153E-3
30.780	6.723E-4	-1.153E-3
30.797	6.506E-4	-1.153E-3
30.813	6.290E-4	-1.174E-3
30.830	6.290E-4	-1.196E-3
30.847	6.290E-4	-1.239E-3
30.864	6.073E-4	-1.347E-3
30.881	6.073E-4	-1.347E-3
30.898	6.073E-4	-1.412E-3
30.914	5.857E-4	-1.434E-3
30.931	5.857E-4	-1.456E-3
30.948	5.857E-4	-1.456E-3
30.965	5.857E-4	-1.477E-3
30.982	5.857E-4	-1.477E-3
30.999	5.857E-4	-1.477E-3
31.015	5.857E-4	-1.477E-3
31.032	5.857E-4	-1.477E-3
31.049	5.857E-4	-1.477E-3
31.066	5.857E-4	-1.477E-3
31.083	5.857E-4	-1.477E-3
31.100	5.857E-4	-1.456E-3
31.116	5.857E-4	-1.456E-3
31.133	5.857E-4	-1.456E-3
31.150	5.857E-4	-1.456E-3
31.167	5.857E-4	-1.456E-3
31.184	5.857E-4	-1.456E-3
31.201	5.857E-4	-1.456E-3
31.217	5.857E-4	-1.456E-3
31.234	5.857E-4	-1.456E-3
31.251	5.857E-4	-1.456E-3
31.268	5.857E-4	-1.456E-3
31.285	5.857E-4	-1.456E-3
31.302	5.857E-4	-1.456E-3
31.319	5.857E-4	-1.456E-3
31.335	5.857E-4	-1.456E-3
31.352	5.857E-4	-1.412E-3
31.369	5.857E-4	-1.369E-3
31.386	5.857E-4	-1.369E-3
31.403	5.857E-4	-1.369E-3
31.420	5.857E-4	-1.369E-3
31.436	5.857E-4	-1.369E-3
31.453	5.857E-4	-1.369E-3
31.470	5.857E-4	-1.369E-3
31.487	5.857E-4	-1.369E-3
31.504	5.857E-4	-1.369E-3
31.521	5.857E-4	-1.369E-3
31.537	5.857E-4	-1.369E-3
31.554	5.857E-4	-1.369E-3
31.571	5.857E-4	-1.369E-3
31.588	5.857E-4	-1.369E-3
31.605	5.857E-4	-1.369E-3
31.622	5.857E-4	-1.369E-3
31.638	5.857E-4	-1.369E-3
31.655	5.857E-4	-1.369E-3
31.672	5.857E-4	-1.369E-3
31.689	5.857E-4	-1.369E-3
31.706	5.857E-4	-1.369E-3
31.723	5.857E-4	-1.369E-3
31.739	5.857E-4	-1.369E-3
31.756	5.857E-4	-1.369E-3
31.773	5.857E-4	-1.369E-3
31.790	5.857E-4	-1.369E-3
31.807	5.857E-4	-1.369E-3
31.824	5.857E-4	-1.369E-3
31.840	5.857E-4	-1.369E-3
31.857	5.857E-4	-1.369E-3
31.874	5.857E-4	-1.369E-3
31.891	5.857E-4	-1.369E-3
31.908	5.857E-4	-1.369E-3
31.925	5.857E-4	-1.369E-3
31.942	5.857E-4	-1.369E-3
31.958	5.857E-4	-1.369E-3
31.975	5.857E-4	-1.369E-3
31.992	5.857E-4	-1.369E-3
32.009	5.857E-4	-1.369E-3
32.026	5.857E-4	-1.369E-3
32.043	5.857E-4	-1.369E-3
32.059	5.857E-4	-1.369E-3
32.076	5.857E-4	-1.391E-3
32.093	5.857E-4	-1.391E-3
32.110	5.857E-4	-1.412E-3
32.127	5.857E-4	-1.434E-3
32.144	5.857E-4	-1.456E-3
32.160	5.857E-4	-1.456E-3
32.177	5.857E-4	-1.456E-3
32.194	5.857E-4	-1.456E-3
32.211	5.857E-4	-1.477E-3
32.228	5.857E-4	-1.477E-3
32.245	5.857E-4	-1.499E-3
32.261	5.857E-4	-1.499E-3
32.278	5.857E-4	-1.499E-3
32.295	5.857E-4	-1.499E-3
32.312	5.857E-4	-1.499E-3
32.329	5.857E-4	-1.521E-3
32.346	5.424E-4	-1.585E-3
32.362	5.424E-4	-1.607E-3
32.379	5.424E-4	-1.650E-3
32.396	5.207E-4	-1.650E-3
32.413	4.991E-4	-1.694E-3
32.430	4.775E-4	-1.737E-3
32.447	4.775E-4	-1.737E-3
32.463	4.775E-4	-1.780E-3
32.480	4.775E-4	-1.780E-3
32.497	4.558E-4	-1.845E-3
32.514	4.558E-4	-1.845E-3
32.531	4.558E-4	-1.867E-3
32.548	4.558E-4	-1.910E-3
32.565	4.558E-4	-1.932E-3
32.581	4.342E-4	-1.932E-3
32.598	4.125E-4	-1.997E-3
32.615	4.125E-4	-2.018E-3
32.632	4.125E-4	-2.083E-3
32.649	3.909E-4	-2.105E-3
32.666	3.692E-4	-2.192E-3
32.682	3.692E-4	-2.213E-3
32.699	3.692E-4	-2.278E-3
32.716	3.692E-4	-2.321E-3
32.733	3.692E-4	-2.343E-3
32.750	3.692E-4	-2.386E-3
32.767	3.692E-4	-2.408E-3
32.783	3.692E-4	-2.451E-3
32.800	3.909E-4	-2.516E-3
32.817	3.909E-4	-2.538E-3
32.834	3.909E-4	-2.603E-3
32.851	3.909E-4	-2.624E-3
32.868	3.909E-4	-2.646E-3
32.884	3.909E-4	-2.668E-3
32.901	3.909E-4	-2.711E-3
32.918	4.342E-4	-2.754E-3
32.935	4.775E-4	-2.754E-3
32.952	5.207E-4	-2.776E-3
32.969	5.857E-4	-2.798E-3
32.985	6.290E-4	-2.798E-3
33.002	6.506E-4	-2.798E-3
33.019	6.723E-4	-2.841E-3
33.036	6.723E-4	-2.841E-3
33.053	6.939E-4	-2.841E-3
33.070	6.939E-4	-2.841E-3
33.086	6.939E-4	-2.841E-3
33.103	6.939E-4	-2.841E-3
33.120	6.939E-4	-2.841E-3
33.137	6.939E-4	-2.841E-3
33.154	6.939E-4	-2.841E-3
33.171	6.939E-4	-2.884E-3
33.188	6.939E-4	-2.906E-3
33.204	6.939E-4	-2.949E-3
33.221	6.939E-4	-2.971E-3
33.238	6.939E-4	-3.014E-3
33.255	7.156E-4	-3.036E-3
33.272	7.372E-4	-3.036E-3
33.289	7.372E-4	-3.036E-3
33.305	7.372E-4	-3.036E-3
33.322	7.372E-4	-2.992E-3
33.339	7.372E-4	-2.992E-3
33.356	7.372E-4	-2.992E-3
33.373	7.156E-4	-3.057E-3
33.390	6.290E-4	-3.122E-3
33.406	5.424E-4	-3.144E-3
33.423	4.991E-4	-3.187E-3
33.440	4.342E-4	-3.209E-3
33.457	4.125E-4	-3.230E-3
33.474	3.692E-4	-3.252E-3
33.491	3.476E-4	-3.274E-3
33.507	3.259E-4	-3.274E-3
33.524	3.259E-4	-3.209E-3
33.541	3.259E-4	-3.209E-3
33.558	3.259E-4	-3.209E-3
33.575	3.259E-4	-3.209E-3
33.592	3.259E-4	-3.209E-3
33.608	3.259E-4	-3.209E-3
33.625	3.476E-4	-3.209E-3
33.642	4.125E-4	-3.209E-3
33.659	4.991E-4	-3.209E-3
33.676	5.207E-4	-3.230E-3
33.693	5.640E-4	-3.252E-3
33.709	6.073E-4	-3.317E-3
33.726	6.290E-4	-3.317E-3
33.743	6.290E-4	-3.317E-3
33.760	6.290E-4	-3.339E-3
33.777	6.290E-4	-3.339E-3
33.794	6.290E-4	-3.339E-3
33.811	6.290E-4	-3.360E-3
33.827	6.290E-4	-3.404E-3
33.844	6.939E-4	-3.317E-3
33.861	6.939E-4	-3.295E-3
33.878	7.156E-4	-3.252E-3
33.895	7.805E-4	-3.230E-3
33.912	8.021E-4	-3.187E-3
33.928	8.238E-4	-3.166E-3
33.945	8.238E-4	-3.166E-3
33.962	8.238E-4	-3.187E-3
33.979	8.454E-4	-3.230E-3
33.996	8.454E-4	-3.274E-3
34.013	8.454E-4	-3.274E-3
34.029	8.454E-4	-3.274E-3
34.046	8.454E-4	-3.274E-3
34.063	8.454E-4	-3.295E-3
34.080	8.454E-4	-3.295E-3
34.097	8.454E-4	-3.295E-3
34.114	8.454E-4	-3.295E-3
34.130	8.454E-4	-3.295E-3
34.147	8.454E-4	-3.317E-3
34.164	8.454E-4	-3.339E-3
34.181	8.454E-4	-3.360E-3
34.198	8.454E-4	-3.382E-3
34.215	8.454E-4	-3.425E-3
34.231	8.454E-4	-3.490E-3
34.248	8.454E-4	-3.490E-3
34.265	8.454E-4	-3.512E-3
34.282	8.454E-4	-3.512E-3
34.299	8.454E-4	-3.512E-3
34.316	8.454E-4	-3.512E-3
34.333	8.454E-4	-3.490E-3
34.349	8.454E-4	-3.490E-3
34.366	8.454E-4	-3.490E-3
34.383	8.454E-4	-3.490E-3
34.400	8.454E-4	-3.490E-3
34.417	8.454E-4	-3.490E-3
34.434	8.454E-4	-3.469E-3
34.450	8.454E-4	-3.425E-3
34.467	8.454E-4	-3.425E-3
34.484	8.454E-4	-3.425E-3
34.501	8.454E-4	-3.425E-3
34.518	8.454E-4	-3.469E-3
34.535	8.454E-4	-3.490E-3
34.551	8.454E-4	-3.490E-3
34.568	8.454E-4	-3.490E-3
34.585	8.454E-4	-3.490E-3
34.602	8.454E-4	-3.490E-3
34.619	8.454E-4	-3.512E-3
34.636	8.454E-4	-3.577E-3
34.652	8.454E-4	-3.577E-3
34.669	8.454E-4	-3.598E-3
34.686	8.454E-4	-3.663E-3
34.703	8.454E-4	-3.685E-3
34.720	8.454E-4	-3.685E-3
34.737	8.454E-4	-3.685E-3
34.753	8.454E-4	-3.685E-3
34.770	8.454E-4	-3.685E-3
34.787	8.454E-4	-3.772E-3
34.804	8.238E-4	-3.837E-3
34.821	8.021E-4	-3.901E-3
34.838	8.021E-4	-3.923E-3
34.854	8.021E-4	-3.945E-3
34.871	8.021E-4	-3.988E-3
34.888	8.021E-4	-4.031E-3
34.905	7.805E-4	-4.075E-3
34.922	7.588E-4	-4.075E-3
34.939	7.588E-4	-4.075E-3
34.956	7.588E-4	-4.075E-3
34.972	7.372E-4	-4.075E-3
34.989	7.156E-4	-4.075E-3
35.006	6.939E-4	-4.075E-3
35.023	6.939E-4	-4.075E-3
35.040	6.939E-4	-4.075E-3
35.057	6.939E-4	-4.075E-3
35.073	6.939E-4	-4.075E-3
35.090	6.939E-4	-4.075E-3
35.107	6.723E-4	-4.075E-3
35.124	6.723E-4	-4.075E-3
35.141	6.723E-4	-4.053E-3
35.158	6.723E-4	-4.010E-3
35.174	6.723E-4	-4.010E-3
35.191	6.723E-4	-4.010E-3
35.208	6.723E-4	-4.010E-3
35.225	6.723E-4	-4.010E-3
35.242	6.723E-4	-4.031E-3
35.259	6.723E-4	-4.031E-3
35.275	6.506E-4	-4.010E-3
35.292	6.506E-4	-4.010E-3
35.309	6.506E-4	-4.010E-3
35.326	6.506E-4	-4.010E-3
35.343	6.506E-4	-4.010E-3
35.360	6.506E-4	-4.031E-3
35.376	6.506E-4	-4.031E-3
35.393	6.506E-4	-4.031E-3
35.410	6.506E-4	-4.031E-3
35.427	6.506E-4	-4.031E-3
35.444	6.723E-4	-4.031E-3
35.461	6.723E-4	-4.031E-3
35.477	6.723E-4	-4.053E-3
35.494	6.939E-4	-4.053E-3
35.511	6.939E-4	-4.053E-3
35.528	6.939E-4	-4.053E-3
35.545	6.939E-4	-4.053E-3
35.562	6.939E-4	-4.053E-3
35.579	6.939E-4	-4.075E-3
35.595	6.939E-4	-4.075E-3
35.612	6.939E-4	-4.075E-3
35.629	6.939E-4	-4.075E-3
35.646	6.939E-4	-4.075E-3
35.663	6.939E-4	-4.075E-3
35.680	7.156E-4	-4.075E-3
35.696	7.156E-4	-4.053E-3
35.713	7.156E-4	-4.053E-3
35.730	7.156E-4	-4.053E-3
35.747	7.156E-4	-4.053E-3
35.764	7.156E-4	-4.031E-3
35.781	7.372E-4	-4.010E-3
35.797	7.372E-4	-3.966E-3
35.814	7.372E-4	-3.966E-3
35.831	7.372E-4	-3.966E-3
35.848	7.372E-4	-3.966E-3
35.865	7.372E-4	-3.966E-3
35.882	7.372E-4	-3.988E-3
35.898	7.372E-4	-3.988E-3
35.915	7.372E-4	-4.010E-3
35.932	7.372E-4	-4.010E-3
35.949	7.372E-4	-4.075E-3
35.966	7.372E-4	-4.161E-3
35.983	7.372E-4	-4.183E-3
35.999	7.372E-4	-4.248E-3
36.016	7.372E-4	-4.248E-3
36.033	7.372E-4	-4.248E-3
36.050	7.372E-4	-4.248E-3
36.067	7.372E-4	-4.248E-3
36.084	8.021E-4	-4.226E-3
36.100	8.021E-4	-4.226E-3
36.117	8.887E-4	-4.226E-3
36.134	9.969E-4	-4.226E-3
36.151	1.040E-3	-4.226E-3
36.168	1.062E-3	-4.291E-3
36.185	1.062E-3	-4.356E-3
36.202	1.062E-3	-4.443E-3
36.218	1.062E-3	-4.681E-3
36.235	1.040E-3	-4.746E-3
36.252	9.969E-4	-4.811E-3
36.269	9.753E-4	-4.897E-3
36.286	9.320E-4	-5.005E-3
36.303	9.320E-4	-5.092E-3
36.319	9.320E-4	-5.135E-3
36.336	9.104E-4	-5.243E-3
36.353	8.887E-4	-5.287E-3
36.370	8.887E-4	-5.352E-3
36.387	8.887E-4	-5.395E-3
36.404	8.887E-4	-5.438E-3
36.420	8.671E-4	-5.525E-3
36.437	8.454E-4	-5.611E-3
36.454	8.454E-4	-5.741E-3
36.471	8.454E-4	-5.763E-3
36.488	8.454E-4	-5.611E-3
36.505	8.454E-4	-5.547E-3
36.521	8.454E-4	-5.482E-3
36.538	8.454E-4	-5.482E-3
36.555	8.454E-4	-5.482E-3
36.572	8.454E-4	-5.503E-3
36.589	8.454E-4	-5.547E-3
36.606	8.454E-4	-5.568E-3
36.622	8.454E-4	-5.611E-3
36.639	8.238E-4	-5.655E-3
36.656	8.238E-4	-5.590E-3
36.673	8.021E-4	-5.547E-3
36.690	8.021E-4	-5.482E-3
36.707	8.021E-4	-5.460E-3
36.723	8.021E-4	-5.438E-3
36.740	8.021E-4	-5.438E-3
36.757	8.021E-4	-5.417E-3
36.774	8.021E-4	-5.352E-3
36.791	8.021E-4	-5.352E-3
36.808	8.238E-4	-5.395E-3
36.825	8.238E-4	-5.482E-3
36.841	8.238E-4	-5.503E-3
36.858	8.238E-4	-5.503E-3
36.875	8.238E-4	-5.525E-3
36.892	8.238E-4	-5.547E-3
36.909	8.238E-4	-5.547E-3
36.926	8.238E-4	-5.547E-3
36.942	8.422E-4	-5.564E-3
36.959	8.422E-4	-5.564E-3
36.976	8.422E-4	-5.575E-3
36.993	8.766E-4	-5.667E-3
37.010	8.880E-4	-5.701E-3
37.027	8.880E-4	-5.713E-3
37.043	8.880E-4	-5.781E-3
37.060	8.880E-4	-5.804E-3
37.077	8.880E-4	-5.827E-3
37.094	8.880E-4	-5.827E-3
37.111	8.880E-4	-5.816E-3
37.128	8.880E-4	-5.770E-3
37.144	8.880E-4	-5.735E-3
37.161	8.880E-4	-5.713E-3
37.178	8.880E-4	-5.701E-3
37.195	8.880E-4	-5.713E-3
37.212	9.109E-4	-5.758E-3
37.229	9.224E-4	-5.770E-3
37.245	9.224E-4	-5.781E-3
37.262	8.584E-4	-5.892E-3
37.279	8.584E-4	-5.892E-3
37.296	8.584E-4	-5.892E-3
37.313	1.022E-3	-5.810E-3
37.330	1.022E-3	-5.810E-3
37.346	1.022E-3	-5.838E-3
37.363	1.022E-3	-5.838E-3
37.380	1.022E-3	-5.838E-3
37.397	1.022E-3	-5.865E-3
37.414	1.022E-3	-5.865E-3
37.431	1.022E-3	-5.892E-3
37.448	1.022E-3	-5.892E-3
37.464	1.022E-3	-5.892E-3
37.481	1.022E-3	-5.892E-3
37.498	1.022E-3	-5.892E-3
37.515	1.022E-3	-5.919E-3
37.532	1.022E-3	-5.919E-3
37.549	1.022E-3	-5.919E-3
37.565	9.947E-4	-5.919E-3
37.582	9.947E-4	-5.919E-3
37.599	9.947E-4	-5.919E-3
37.616	9.947E-4	-5.919E-3
37.633	9.675E-4	-5.919E-3
37.650	9.675E-4	-5.919E-3
37.666	9.402E-4	-5.947E-3
37.683	9.402E-4	-5.974E-3
37.700	9.402E-4	-5.974E-3
37.717	9.402E-4	-5.974E-3
37.734	9.402E-4	-5.974E-3
37.751	1.049E-3	-5.647E-3
37.767	1.049E-3	-5.701E-3
37.784	7.220E-4	-6.547E-3
37.801	5.584E-4	-6.601E-3
37.818	1.377E-3	-5.947E-3
37.835	1.240E-3	-5.565E-3
37.852	6.129E-4	-5.729E-3
37.868	7.766E-4	-6.547E-3
37.885	7.220E-4	-6.738E-3
37.902	5.311E-4	-6.738E-3
37.919	4.766E-4	-6.738E-3
37.936	3.675E-4	-6.847E-3
37.953	4.493E-4	-6.710E-3
37.969	9.402E-4	-5.865E-3
37.986	1.049E-3	-5.292E-3
38.003	1.022E-3	-5.919E-3
38.020	8.584E-4	-6.956E-3
38.037	7.493E-4	-7.147E-3
38.054	5.038E-4	-7.120E-3
38.071	4.766E-4	-7.201E-3
38.087	6.129E-4	-7.256E-3
38.104	6.947E-4	-7.092E-3
38.121	6.947E-4	-7.092E-3
38.138	6.947E-4	-6.956E-3
38.155	6.947E-4	-6.683E-3
38.172	7.220E-4	-6.629E-3
38.188	5.311E-4	-7.092E-3
38.205	5.038E-4	-7.474E-3
38.222	5.311E-4	-7.092E-3
38.239	5.038E-4	-7.256E-3
38.256	5.038E-4	-7.201E-3
38.273	5.038E-4	-7.201E-3
38.289	5.584E-4	-6.874E-3
38.306	5.584E-4	-6.874E-3
38.323	5.584E-4	-6.874E-3
38.340	5.584E-4	-6.874E-3
38.357	4.493E-4	-6.792E-3
38.374	6.129E-4	-6.629E-3
38.390	7.220E-4	-6.410E-3
38.407	7.220E-4	-6.519E-3
38.424	7.220E-4	-6.519E-3
38.441	7.220E-4	-6.519E-3
38.458	8.311E-4	-6.356E-3
38.475	9.129E-4	-5.701E-3
38.491	1.158E-3	-5.019E-3
38.508	1.186E-3	-5.510E-3
38.525	1.158E-3	-5.647E-3
38.542	9.947E-4	-5.674E-3
38.559	8.038E-4	-6.247E-3
38.576	7.220E-4	-6.492E-3
38.592	3.129E-4	-7.201E-3
38.609	9.473E-5	-7.801E-3
38.626	-4.164E-5	-8.210E-3
38.643	-1.507E-4	-8.647E-3
38.660	-4.164E-5	-8.265E-3
38.677	-4.164E-5	-8.347E-3
38.694	1.765E-4	-7.883E-3
38.710	2.311E-4	-7.556E-3
38.727	-4.164E-5	-8.183E-3
38.744	-4.164E-5	-8.347E-3
38.761	1.291E-5	-7.529E-3
38.778	2.856E-4	-6.956E-3
38.795	7.220E-4	-6.438E-3
38.811	1.077E-3	-5.838E-3
38.828	1.049E-3	-5.783E-3
38.845	1.022E-3	-5.674E-3
38.862	9.129E-4	-5.783E-3
38.879	6.129E-4	-6.519E-3
38.896	5.584E-4	-6.929E-3
38.912	5.038E-4	-7.065E-3
38.929	1.077E-3	-6.083E-3
38.946	1.104E-3	-5.674E-3
38.963	9.402E-4	-5.783E-3
38.980	9.402E-4	-5.810E-3
38.997	8.311E-4	-5.974E-3
39.013	8.584E-4	-5.947E-3
39.030	8.311E-4	-6.247E-3
39.047	6.402E-4	-6.656E-3
39.064	6.402E-4	-6.656E-3
39.081	8.311E-4	-6.519E-3
39.098	1.049E-3	-6.165E-3
39.114	1.022E-3	-6.219E-3
39.131	9.129E-4	-6.329E-3
39.148	8.584E-4	-6.356E-3
39.165	8.584E-4	-6.383E-3
39.182	9.473E-5	-8.210E-3
39.199	6.745E-5	-8.210E-3
39.215	5.584E-4	-7.092E-3
39.232	9.402E-4	-6.274E-3
39.249	9.675E-4	-6.274E-3
39.266	8.311E-4	-6.874E-3
39.283	5.038E-4	-7.147E-3
39.300	4.766E-4	-7.065E-3
39.317	9.675E-4	-6.274E-3
39.333	1.158E-3	-5.729E-3
39.350	9.129E-4	-6.165E-3
39.367	1.022E-3	-6.110E-3
39.384	1.077E-3	-6.029E-3
39.401	1.077E-3	-6.029E-3
39.418	8.038E-4	-7.092E-3
39.434	2.038E-4	-7.610E-3
39.451	-6.891E-5	-7.938E-3
39.468	4.766E-4	-7.310E-3
39.485	7.766E-4	-6.983E-3
39.502	8.857E-4	-6.765E-3
39.519	1.104E-3	-6.438E-3
39.535	1.131E-3	-6.165E-3
39.552	9.129E-4	-6.219E-3
39.569	7.493E-4	-6.438E-3
39.586	6.947E-4	-6.901E-3
39.603	5.311E-4	-7.120E-3
39.620	4.493E-4	-7.338E-3
39.636	6.129E-4	-7.229E-3
39.653	8.311E-4	-6.874E-3
39.670	1.022E-3	-6.601E-3
39.687	1.158E-3	-6.356E-3
39.704	9.129E-4	-6.820E-3
39.721	9.129E-4	-6.847E-3
39.737	8.857E-4	-6.874E-3
39.754	7.493E-4	-6.983E-3
39.771	1.220E-4	-7.965E-3
39.788	-6.891E-5	-8.320E-3
39.805	5.311E-4	-7.965E-3
39.822	1.022E-3	-6.792E-3
39.838	1.077E-3	-6.138E-3
39.855	1.077E-3	-6.056E-3
39.872	1.077E-3	-6.219E-3
39.889	1.158E-3	-6.329E-3
39.906	1.513E-3	-5.619E-3
39.923	1.704E-3	-5.292E-3
39.940	1.049E-3	-6.847E-3
39.956	2.311E-4	-7.829E-3
39.973	-6.891E-5	-8.510E-3
39.990	2.038E-4	-8.483E-3
40.007	9.675E-4	-6.629E-3
40.024	1.431E-3	-5.374E-3
40.041	1.295E-3	-6.274E-3
40.057	1.295E-3	-6.056E-3
40.074	1.349E-3	-5.838E-3
40.091	1.349E-3	-5.865E-3
40.108	1.349E-3	-5.947E-3
40.125	1.349E-3	-6.001E-3
40.142	1.377E-3	-6.219E-3
40.158	1.458E-3	-6.219E-3
40.175	1.595E-3	-5.919E-3
40.192	1.595E-3	-5.974E-3
40.209	1.677E-3	-5.919E-3
40.226	1.704E-3	-5.810E-3
40.243	1.704E-3	-5.892E-3
40.259	1.704E-3	-5.892E-3
40.276	1.622E-3	-6.001E-3
40.293	1.677E-3	-5.865E-3
40.310	1.677E-3	-5.865E-3
40.327	1.595E-3	-5.374E-3
40.344	1.595E-3	-5.374E-3
40.360	1.595E-3	-5.374E-3
40.377	1.595E-3	-5.374E-3
40.394	1.595E-3	-5.374E-3
40.411	1.704E-3	-5.238E-3
40.428	1.595E-3	-5.047E-3
40.445	1.486E-3	-5.047E-3
40.462	1.486E-3	-5.047E-3
40.478	1.595E-3	-5.019E-3
40.495	1.595E-3	-5.019E-3
40.512	1.704E-3	-4.938E-3
40.529	1.704E-3	-5.129E-3
40.546	1.704E-3	-5.129E-3
40.563	1.704E-3	-5.129E-3
40.579	1.622E-3	-5.347E-3
40.596	1.513E-3	-5.456E-3
40.613	1.513E-3	-5.456E-3
40.630	1.513E-3	-5.456E-3
40.647	1.513E-3	-5.456E-3
40.664	1.486E-3	-5.619E-3
40.680	1.458E-3	-5.838E-3
40.697	1.431E-3	-5.947E-3
40.714	1.404E-3	-6.001E-3
40.731	1.377E-3	-6.056E-3
40.748	1.377E-3	-6.056E-3
40.765	1.377E-3	-6.001E-3
40.781	1.377E-3	-6.001E-3
40.798	1.377E-3	-6.001E-3
40.815	1.377E-3	-6.029E-3
40.832	1.322E-3	-6.029E-3
40.849	1.322E-3	-6.029E-3
40.866	1.322E-3	-6.029E-3
40.882	1.295E-3	-6.056E-3
40.899	1.267E-3	-6.165E-3
40.916	1.267E-3	-6.219E-3
40.933	1.267E-3	-6.219E-3
40.950	1.267E-3	-6.192E-3
40.967	1.267E-3	-6.110E-3
40.983	1.295E-3	-6.001E-3
41.000	1.404E-3	-5.892E-3
41.017	1.486E-3	-5.783E-3
41.034	1.486E-3	-5.783E-3
41.051	1.486E-3	-5.947E-3
41.068	1.404E-3	-6.001E-3
41.085	1.404E-3	-6.001E-3
41.101	1.404E-3	-5.892E-3
41.118	1.404E-3	-5.810E-3
41.135	1.404E-3	-5.783E-3
41.152	1.404E-3	-5.756E-3
41.169	1.458E-3	-5.674E-3
41.186	1.458E-3	-5.674E-3
41.202	1.458E-3	-5.674E-3
41.219	1.458E-3	-5.674E-3
41.236	1.486E-3	-5.647E-3
41.253	1.486E-3	-5.647E-3
41.270	1.486E-3	-5.729E-3
41.287	1.486E-3	-5.783E-3
41.303	1.486E-3	-5.783E-3
41.320	1.486E-3	-5.783E-3
41.337	1.458E-3	-5.783E-3
41.354	1.404E-3	-5.838E-3
41.371	1.404E-3	-5.838E-3
41.388	1.404E-3	-5.838E-3
41.404	1.404E-3	-5.838E-3
41.421	1.404E-3	-5.838E-3
41.438	1.295E-3	-6.083E-3
41.455	1.295E-3	-6.165E-3
41.472	1.295E-3	-6.165E-3
41.489	1.295E-3	-6.110E-3
41.505	1.295E-3	-5.974E-3
41.522	1.295E-3	-6.056E-3
41.539	1.295E-3	-6.083E-3
41.556	1.295E-3	-6.110E-3
41.573	1.186E-3	-6.138E-3
41.590	1.186E-3	-6.329E-3
41.606	1.131E-3	-6.492E-3
41.623	1.049E-3	-6.710E-3
41.640	1.022E-3	-6.820E-3
41.657	1.131E-3	-6.438E-3
41.674	1.158E-3	-6.329E-3
41.691	1.158E-3	-6.329E-3
41.708	1.158E-3	-6.438E-3
41.724	1.104E-3	-6.574E-3
41.741	1.077E-3	-6.656E-3
41.758	1.131E-3	-6.438E-3
41.775	1.186E-3	-6.247E-3
41.792	1.186E-3	-6.438E-3
41.809	1.131E-3	-6.738E-3
41.825	1.131E-3	-6.519E-3
41.842	1.131E-3	-6.438E-3
41.859	1.131E-3	-6.465E-3
41.876	1.131E-3	-6.601E-3
41.893	1.104E-3	-6.629E-3
41.910	1.104E-3	-6.656E-3
41.926	1.104E-3	-6.547E-3
41.943	1.104E-3	-6.492E-3
41.960	1.104E-3	-6.547E-3
41.977	1.104E-3	-6.656E-3
41.994	1.104E-3	-6.629E-3
42.011	1.104E-3	-6.547E-3
42.027	1.131E-3	-6.410E-3
42.044	1.131E-3	-6.465E-3
42.061	1.131E-3	-6.519E-3
42.078	1.131E-3	-6.519E-3
42.095	1.131E-3	-6.519E-3
42.112	1.158E-3	-6.465E-3
42.128	1.240E-3	-6.410E-3
42.145	1.240E-3	-6.383E-3
42.162	1.186E-3	-6.465E-3
42.179	1.186E-3	-6.492E-3
42.196	1.186E-3	-6.574E-3
42.213	1.131E-3	-6.656E-3
42.229	1.131E-3	-6.683E-3
42.246	1.104E-3	-6.765E-3
42.263	1.077E-3	-6.792E-3
42.280	1.077E-3	-6.792E-3
42.297	1.049E-3	-6.792E-3
42.314	1.049E-3	-6.874E-3
42.331	1.158E-3	-6.874E-3
42.347	1.213E-3	-6.820E-3
42.364	1.213E-3	-6.629E-3
42.381	1.158E-3	-6.519E-3
42.398	1.158E-3	-6.547E-3
42.415	1.158E-3	-6.765E-3
42.432	1.213E-3	-6.738E-3
42.448	1.240E-3	-6.165E-3
42.465	1.267E-3	-6.547E-3
42.482	1.349E-3	-6.438E-3
42.499	1.240E-3	-6.738E-3
42.516	1.158E-3	-6.874E-3
42.533	1.158E-3	-6.710E-3
42.549	1.186E-3	-6.738E-3
42.566	1.267E-3	-6.683E-3
42.583	1.267E-3	-6.683E-3
42.600	1.267E-3	-6.683E-3
42.617	1.267E-3	-6.683E-3
42.634	1.267E-3	-6.683E-3
42.650	1.267E-3	-6.656E-3
42.667	1.295E-3	-6.547E-3
42.684	1.295E-3	-6.519E-3
42.701	1.295E-3	-6.519E-3
42.718	1.295E-3	-6.519E-3
42.735	1.295E-3	-6.519E-3
42.751	1.295E-3	-6.519E-3
42.768	1.295E-3	-6.547E-3
42.785	1.295E-3	-6.601E-3
42.802	1.267E-3	-6.683E-3
42.819	1.267E-3	-6.683E-3
42.836	1.267E-3	-6.683E-3
42.852	1.267E-3	-6.710E-3
42.869	7.220E-4	-8.047E-3
42.886	2.584E-4	-9.683E-3
42.903	3.043E-4	-1.206E-2
42.920	2.177E-4	-1.260E-2
42.937	1.879E-4	-1.344E-2
42.954	-4.898E-3	-2.142E-2
42.970	-7.183E-3	-2.857E-2
42.987	-9.266E-3	-4.377E-2
43.004	-1.027E-2	-6.051E-2
43.021	-9.575E-3	-7.756E-2
43.038	-9.729E-3	-9.407E-2
